Day 0 script, returning home for the first time.

================================================================

50 53 49 33 f8 0b 00 00 00 00 00 00 00 00 00 00

88 04 01 00 ff ff 00 00 01 00 01 00 00 00
89 04 01 00 02 00 00 00 01 00 01 00 00 00 01 00 18 00 00 00
8c 04
78 04 01 00 00 00 00 00 01 00 00 00 00 00
79 04 01 00 00 00 00 00 01 00 00 00 00 00 01 00 0d 00 00 00
7d 04 01 00 00 00 00 00 01 00 00 00 00 00
07 00 3c 0b
07 00 64 0a

08 03 82 a0 81 49 00 00
08 03 90 65 95 fb 82 be 81 49 00 00
    7b 04
09 03
>> Ritchie: Ah!
>>          Master!

07 00 92 0b
07 00 a0 0a
3e 04 01 00 00 00 00 00 01 00 06 00 00 00 01 00 00 00 00 00
40 04 01 00 00 00 00 00 01 00 80 01 00 00 01 00 f2 00 00 00 01 00 01 00 00 00
41 04 01 00 00 00 00 00
3e 04 01 00 00 00 00 00 01 00 03 00 00 00 01 00 00 00 00 00
3c 04 01 00 00 00 00 00 01 00 03 00 00 00
78 04 01 00 01 00 00 00 01 00 09 00 00 00
79 04 01 00 01 00 00 00 01 00 00 00 00 00 01 00 0c 00 00 00
7d 04 01 00 01 00 00 00 01 00 6c 00 00 00
07 00 52 0b
07 00 d0 0a

08 03 82 c7 82 a4 82 be 82 a2 81 41 83 c2 81 48 00 00
08 03 82 a2 82 a2 89 b9 82 f0 82 a9 82 c8 82 c5 82 bb 82 a4 82 c8 00 00
08 03 83 43 83 4a 83 58 8d de 97 bf 82 cd 8e e8 82 c9 93 fc 82 c1 82 bd 82 a9 82 a2 81 48 00 00
    7b 04
09 03
>> V.E: What's wrong, Ritchie?
>>      You sound great,
>>      did you get your hands on some cool material?

07 00 24 0b
78 04 01 00 00 00 00 00 01 00 00 00 00 00
79 04 01 00 00 00 00 00 01 00 01 00 00 00 01 00 0c 00 00 00
7d 04 01 00 00 00 00 00 01 00 00 00 00 00
07 00 3c 0b
07 00 82 0a

08 03 82 a4 82 f1 81 49 00 00
08 03 91 ba 92 b7 82 a9 82 e7 81 63 00 00
09 03
>> Ritchie: Yes!
>>          Chief ga..

79 04 01 00 00 00 00 00 01 00 05 00 00 00 01 00 10 00 00 00

08 03 81 63 82 c1 82 c4 82 cc 82 cd 83 69 83 43 83 56 83 87 82 be 82 c1 82 bd 82 a9 82 e7 00 00
09 03
>> Ritchie: Oops, that was supposed to be a secret.

07 00 b8 0a
07 00 ee 0a
79 04 01 00 01 00 00 00 01 00 00 00 00 00 01 00 10 00 00 00

08 03 82 cd 81 48 00 00
08 03 82 c8 82 f1 82 be 82 a2 81 41 8e 95 90 d8 82 ea 82 aa 88 ab 82 a2 82 cb 00 00
08 03 82 bb 82 f1 82 c8 82 f1 82 b6 82 e1 95 90 8a ed 82 cc 83 4c 83 8c 96 a1 82 e0 97 8e 82 bf 82 e9 82 e6 00 00
09 03
>> V.E: Ha?
>>      What are you mumbling about?
>>      If you're like that, the weapon's sharpness is going to fall.

07 00 24 0b
07 00 82 0a
79 04 01 00 00 00 00 00 01 00 07 00 00 00 01 00 11 00 00 00

08 03 82 a6 82 a6 82 c6 00 00
08 03 82 bb 81 41 91 ba 92 b7 82 aa 00 00
08 03 90 65 95 fb 82 c9 82 a0 82 e8 82 aa 82 c6 82 a4 82 c1 82 c4 81 49 00 00
09 03
>> Ritchie: Ugh..
>>          Th... The Chief said thanks to Master!

07 00 b8 0a
07 00 ee 0a
79 04 01 00 01 00 00 00 01 00 00 00 00 00 01 00 0c 00 00 00

08 03 82 f1 81 48 81 40 82 bb 82 a4 82 a9 00 00
08 03 82 c6 82 c9 82 a9 82 ad 8d de 97 bf 82 aa 82 bb 82 eb 82 c1 82 bd 82 f1 82 c8 82 e7 00 00
08 03 82 b3 82 c1 82 bb 82 ad 95 90 8a ed 82 f0 8d ec 82 e9 82 c6 82 b7 82 e9 82 a9 00 00
09 03
>> V.E: Hm? Is that so?
>>      Anyway, since you now have all the materials,
>>      let's hurry up and craft a weapon.

79 04 01 00 00 00 00 00 01 00 00 00 00 00 01 00 0c 00 00 00
79 04 01 00 01 00 00 00 01 00 00 00 00 00 01 00 0d 00 00 00

08 03 8d 48 96 5b 82 d6 82 ab 82 c8 81 49 00 00
08 03 82 e0 82 e8 82 a0 82 aa 82 c1 82 c4 82 a2 82 ad 82 e6 81 49 00 00
09 03
>> V.E: Come to the forge!
>>      Get fired up!

07 00 24 0b
07 00 82 0a
79 04 01 00 00 00 00 00 01 00 00 00 00 00 01 00 0d 00 00 00

08 03 82 a8 81 5b 81 49 00 00
09 03
>> Ritchie: Yes!

07 00 be 0b 07 00 a0 0a 7b 04 3e 04 01 00 02 00 00 00 01 00 06 00 00 00 01 00 00
00 00 00 40 04 01 00 02 00 00 00 01 00 80 01 00 00 01 00 cc 00 00 00 01 00 01 00
00 00 41 04 01 00 02 00 00 00 3e 04 01 00 02 00 00 00 01 00 03 00 00 00 01 00 00
00 00 00 19 04 01 00 00 00 00 00 01 00 02 00 00 00 01 00 00 00 00 00 01 00 2e 00
00 00 01 00 15 00 00 00 01 00 00 00 00 00 3a 03 01 00 6d 00 00 00 01 00 00 00 00
00 1b 04 01 00 00 00 00 00 3e 04 01 00 02 00 00 00 01 00 06 00 00 00 01 00 00 00
00 00 40 04 01 00 02 00 00 00 01 00 80 01 00 00 01 00 bc 00 00 00 01 00 01 00 00
00 41 04 01 00 02 00 00 00 43 04 01 00 02 00 00 00 01 00 10 00 00 00 01 00 00 00
00 00 43 04 01 00 02 00 00 00 01 00 20 00 00 00 01 00 00 00 00 00 1a 04 01 00 00
00 00 00 01 00 00 00 00 00 19 04 01 00 00 00 00 00 01 00 02 00 00 00 01 00 00 00
00 00 01 00 2e 00 00 00 01 00 15 00 00 00 01 00 05 00 00 00 1b 04 01 00 00 00 00
00 1a 04 01 00 00 00 00 00 01 00 00 00 00 00 88 04 01 00 ff ff 00 00 01 00 01 00
00 00 89 04 01 00 00 00 00 00 01 00 01 00 00 00 01 00 18 00 00 00 04 00 1a 03 01
00 07 00 00 00 1b 03 01 00 07 00 00 00 01 00 ff ff 00 00 01 00 ff ff 00 00 02 00
c8 00 00 00 02 00 c9 00 00 00 1c 03 01 00 07 00 00 00 01 00 01 00 00 00 1f 03 01
00 07 00 00 00 08 00 1b 03 01 00 07 00 00 00 01 00 ff ff 00 00 01 00 ff ff 00 00
02 00 c8 00 00 00 02 00 c9 00 00 00 1c 03 01 00 07 00 00 00 01 00 02 00 00 00 1f
03 01 00 07 00 00 00 1a 03 01 00 07 00 00 00 08 00 1a 03 01 00 07 00 00 00 1b 03
01 00 07 00 00 00 01 00 ff ff 02 00 cb 00 86 00 00 00 02 00 cc 00 00 00 02 00 c8
00 00 00 02 00 c9 00 00 00 1c 03 01 00 07 00 00 00 01 00 01 00 00 00 1f 03 01 00
07 00 00 00 08 00 1a 03 01 00 06 00 00 00 1b 03 01 00 06 00 00 00 02 00 cb 00 00
00 01 00 00 00 00 00 02 00 c8 00 00 00 02 00 c9 00 00 00 1c 03 01 00 06 00 00 00
01 00 01 00 00 00 1f 03 01 00 06 00 00 00 08 00 1b 03 01 00 07 00 00 00 01 00 ff
ff 02 00 cb 00 86 00 00 00 02 00 cc 00 00 00 02 00 c8 00 00 00 02 00 c9 00 00 00
1c 03 01 00 07 00 00 00 01 00 02 00 00 00 1f 03 01 00 07 00 00 00 1a 03 01 00 07
00 00 00 08 00 1b 03 01 00 06 00 00 00 02 00 cb 00 00 00 01 00 00 00 00 00 02 00
c8 00 00 00 02 00 c9 00 00 00 1c 03 01 00 06 00 00 00 01 00 02 00 00 00 1f 03 01
00 06 00 00 00 1a 03 01 00 06 00 00 00 08 00 1a 03 01 00 07 00 00 00 1b 03 01 00
07 00 00 00 01 00 ff ff 00 00 01 00 ff ff 00 00 02 00 cd 00 00 00 02 00 c9 00 00
00 1c 03 01 00 07 00 00 00 01 00 01 00 00 00 0d 04 01 00 0f 00 00 00 1a 03 01 00
06 00 00 00 1b 03 01 00 06 00 00 00 01 00 ff ff 00 00 01 00 ff ff 00 00 02 00 c8
00 00 00 02 00 c9 00 00 00 1c 03 01 00 06 00 00 00 01 00 01 00 00 00 1f 03 01 00
06 00 00 00 1a 03 01 00 07 00 00 00 1b 03 01 00 06 00 00 00 01 00 ff ff 00 00 01
00 ff ff 00 00 02 00 c8 00 00 00 02 00 c9 00 01 00 02 00 83 00 00 00 1c 03 01 00
06 00 00 00 01 00 02 00 00 00 1f 03 01 00 06 00 00 00 1a 03 01 00 06 00 00 00 08
00 1a 03 01 00 07 00 00 00 1b 03 01 00 07 00 00 00 01 00 ff ff 00 00 01 00 ff ff
00 00 02 00 cd 00 00 00 02 00 c9 00 00 00 1c 03 01 00 07 00 00 00 01 00 01 00 00
00 0d 04 01 00 0f 00 00 00 1a 03 01 00 06 00 00 00 1b 03 01 00 06 00 00 00 01 00
ff ff 00 00 01 00 ff ff 00 00 02 00 c8 00 00 00 02 00 c9 00 00 00 1c 03 01 00 06
00 00 00 01 00 01 00 00 00 1f 03 01 00 06 00 00 00 1a 03 01 00 07 00 00 00 08 00
1b 03 01 00 06 00 00 00 01 00 ff ff 00 00 01 00 ff ff 00 00 02 00 c8 00 00 00 02
00 c9 00 01 00 02 00 83 00 00 00 1c 03 01 00 06 00 00 00 01 00 02 00 00 00 1f 03
01 00 06 00 00 00 1a 03 01 00 06 00 00 00 08 00 02 00 28 08 02 00 c3 00 01 00 00
00 8b 00 00 00 01 00 02 00 cb 00 02 00 cb 00 01 00 01 00 8f 00 00 00 03 00 62 0a
02 00 4e 08 02 00 c3 00 01 00 01 00 8b 00 00 00 01 00 02 00 cb 00 02 00 cb 00 01
00 02 00 8f 00 00 00 03 00 62 0a 02 00 74 08 02 00 c3 00 01 00 02 00 8b 00 00 00
01 00 02 00 cb 00 02 00 cb 00 01 00 04 00 8f 00 00 00 03 00 62 0a 02 00 9a 08 02
00 c3 00 01 00 03 00 8b 00 00 00 01 00 02 00 cb 00 02 00 cb 00 01 00 08 00 8f 00
00 00 03 00 62 0a 02 00 c0 08 02 00 c3 00 01 00 04 00 8b 00 00 00 01 00 02 00 cb
00 02 00 cb 00 01 00 10 00 8f 00 00 00 03 00 62 0a 02 00 e6 08 02 00 c3 00 01 00
05 00 8b 00 00 00 01 00 02 00 cb 00 02 00 cb 00 01 00 20 00 8f 00 00 00 03 00 62
0a 02 00 0c 09 02 00 c3 00 01 00 06 00 8b 00 00 00 01 00 02 00 cb 00 02 00 cb 00
01 00 40 00 8f 00 00 00 03 00 62 0a 02 00 32 09 02 00 c3 00 01 00 07 00 8b 00 00
00 01 00 02 00 cb 00 02 00 cb 00 01 00 80 00 8f 00 00 00 03 00 62 0a 02 00 58 09
02 00 c3 00 01 00 08 00 8b 00 00 00 01 00 02 00 cb 00 02 00 cb 00 01 00 00 01 8f
00 00 00 03 00 62 0a 02 00 7e 09 02 00 c3 00 01 00 09 00 8b 00 00 00 01 00 02 00
cb 00 02 00 cb 00 01 00 00 02 8f 00 00 00 03 00 62 0a 02 00 a4 09 02 00 c3 00 01
00 0a 00 8b 00 00 00 01 00 02 00 cb 00 02 00 cb 00 01 00 00 04 8f 00 00 00 03 00
62 0a 02 00 ca 09 02 00 c3 00 01 00 0b 00 8b 00 00 00 01 00 02 00 cb 00 02 00 cb
00 01 00 00 08 8f 00 00 00 03 00 62 0a 02 00 f0 09 02 00 c3 00 01 00 0c 00 8b 00
00 00 01 00 02 00 cb 00 02 00 cb 00 01 00 00 10 8f 00 00 00 03 00 62 0a 02 00 16
0a 02 00 c3 00 01 00 0d 00 8b 00 00 00 01 00 02 00 cb 00 02 00 cb 00 01 00 00 20
8f 00 00 00 03 00 62 0a 02 00 3c 0a 02 00 c3 00 01 00 0e 00 8b 00 00 00 01 00 02
00 cb 00 02 00 cb 00 01 00 00 40 8f 00 00 00 03 00 62 0a 02 00 62 0a 02 00 c3 00
01 00 0f 00 8b 00 00 00 01 00 02 00 cb 00 02 00 cb 00 01 00 00 80 8f 00 00 00 03
00 62 0a 08 00 01 03 01 00 02 00 00 00 01 00 04 00 00 00 7e 04 01 00 00 00 00 00
01 00 01 00 00 00 08 00 01 03 01 00 02 00 00 00 01 00 07 00 00 00 7e 04 01 00 00
00 00 00 01 00 01 00 00 00 08 00 7e 04 01 00 00 00 00 00 01 00 00 00 00 00 02 03
01 00 04 00 00 00 08 00 7e 04 01 00 00 00 00 00 01 00 00 00 00 00 02 03 01 00 07
00 00 00 08 00 01 03 01 00 04 00 00 00 01 00 05 00 00 00 7e 04 01 00 01 00 00 00
01 00 01 00 00 00 08 00 01 03 01 00 04 00 00 00 01 00 07 00 00 00 7e 04 01 00 01
00 00 00 01 00 01 00 00 00 08 00 7e 04 01 00 01 00 00 00 01 00 00 00 00 00 02 03
01 00 05 00 00 00 08 00 7e 04 01 00 01 00 00 00 01 00 00 00 00 00 02 03 01 00 07
00 00 00 08 00 7a 04 01 00 00 00 00 00 01 00 01 00 00 00 01 00 01 00 00 00 08 00
7a 04 01 00 01 00 00 00 01 00 01 00 00 00 01 00 01 00 00 00 08 00 7a 04 01 00 00
00 00 00 01 00 01 00 00 00 01 00 01 00 00 00 7a 04 01 00 01 00 00 00 01 00 01 00
00 00 01 00 01 00 00 00 08 00 7a 04 01 00 00 00 00 00 01 00 00 00 00 00 01 00 01
00 00 00 08 00 7a 04 01 00 01 00 00 00 01 00 00 00 00 00 01 00 01 00 00 00 08 00
7a 04 01 00 00 00 00 00 01 00 00 00 00 00 01 00 01 00 00 00 7a 04 01 00 01 00 00
00 01 00 00 00 00 00 01 00 01 00 00 00 08 00
