Day 0 script, receiving Chief's gift.

================================================================

50 53 49 33 ae 0e 00 00 00 00 00 00 00 00 00 00

3e 04 01 00 02 00 00 00 01 00 03 00 00 00 01 00 00 00 00 00
7d 04 01 00 01 00 00 00 01 00
77 00 00 00
01 03 01 00 08 00 00 00 01 00 00 00 00 00
7e 04 01 00 01 00 00 00 01 00 01 00 00 00

08 03 82 a8 82 a8 81 41 83 c2 00 00
09 03
>> Oh! Ritchie                                              | Oh! Ritchie

7e 04 01 00 01 00 00 00 01 00 00 00 00 00
02 03 01 00 00 00 00 00
3c 04 01 00 00 00 00 00 01 00 04 00 00 00
78 04 01 00 00 00 00 00 01 00 00 00 00 00
79 04 01 00 00 00 00 00 01 00 00 00 00 00 01 00 0c 00 00 00
7d 04 01 00 00 00 00 00 01 00 00 00 00 00
7a 04 01 00 00 00 00 00 01 00 01 00 00 00 01 00 01 00 00 00
01 03 01 00 02 00 00 00 01 00 04 00 00 00
7e 04 01 00 00 00 00 00 01 00 01 00 00 00

08 03 82 a0 81 49 00 00
08 03 91 ba 92 b7 00 00
    7b 04
09 03
>> Oh!                                                      | Oh!
>> Chief                                                    | Chief

7e 04 01 00 00 00 00 00 01 00 00 00 00 00
7a 04 01 00 00 00 00 00 01 00 00 00 00 00 01 00 01 00 00 00
02 03 01 00 04 00 00 00
7b 04 3e 04 01 00 00 00
00 00 01 00 06 00 00 00 01 00 00 00 00 00
40 04 01 00 00 00 00 00 01 00 00 01 00 00 01 00 c0 00 00 00 01 00 01 00 00 00
41 04 01 00 00 00 00 00
3c 04 01 00 00 00 00 00 01 00 03 00 00 00
3e 04 01 00 00 00 00 00 01 00 03 00 00 00 01 00 00 00 00 00
3e 04 01 00 02 00 00 00 01 00 03 00 00 00 01 00 00 00 00 00
7d 04 01 00 01 00 00 00 01 00 77 00 00 00
01 03 01 00 08 00 00 00 01 00 00 00 00 00
7e 04 01 00 01 00 00 00 01 00 01 00 00 00
  
08 03 82 b3 82 c1 82 ab 82 cd 8c 95 82 cc 8f 43 97 9d 82 a0 82 e8 82 aa 82 c6 82 c8 00 00
08 03 91 4f 82 e6 82 e8 83 5f 83 93 83 5b 83 93 8e 61 82 ea 96 a1 82 aa 97 c7 82 ad 82 c8 82 c1 82 bd 82 bc 00 00
09 03
>> Thanks for repairing my sword earlier,                   | Thanks for mending my sword,
>> it cuts much better than before                          | it cuts much better now

08 03 83 94 83 42 81 5b 82 cb 82 a6 82 b3 82 f1 82 c9 00 00
08 03 82 a0 82 e8 82 aa 82 c6 82 a4 82 c1 82 c4 8c be 82 c1 82 c6 82 a2 82 c4 82 ad 82 ea 00 00
09 03
>> Give my thanks to V.E nee-san.                           | Give my thanks to
>>                                                          | V.E nee-san

08 03 82 a8 91 4f 82 e0 82 cb 82 a6 82 b3 82 f1 82 cc 95 d0 83 45 83 66 82 c9 82 c8 82 ea 82 e9 82 e6 82 a4 00 00
08 03 82 bf 82 e1 82 f1 82 c6 8f 43 8d 73 82 b7 83 93 82 be 82 bc 00 00
09 03
>> You should also do your best training to                 | Do your best to become
>> become V.E nee-san's right hand man.                     | V.E nee-san's right-hand man

7e 04 01 00 01 00 00 00 01 00 00 00 00 00
02 03 01 00 00 00 00 00
78 04 01 00 00 00 00 00 01 00 00 00 00 00
79 04 01 00 00 00 00 00 01 00 00 00 00 00 01 00 0c 00 00 00
7d 04 01 00 00 00 00 00 01 00 00 00 00 00
7a 04 01 00 00 00 00 00 01 00 01 00 00 00 01 00 01 00 00 00
01 03 01 00 02 00 00 00 01 00 04 00 00 00
7e 04 01 00 00 00 00 00 01 00 01 00 00 00

08 03 82 cd 82 a2 81 49 00 00
    7b 04
09 03
>> Yes!                                                     | Yes!

7e 04 01 00 00 00 00 00 01 00 00 00 00 00
7a 04 01 00 00 00 00 00 01 00 00 00 00 00 01 00 01 00 00 00
02 03 01 00 04 00 00 00
7b 04
01 03 01 00 08 00 00 00 01 00 00 00 00 00
7e 04 01 00 01 00 00 00 01 00 01 00 00 00

08 03 97 c7 82 a2 95 d4 8e 96 82 be 00 00
08 03 8d a1 93 fa 82 cd 83 4c 83 51 83 93 82 aa 82 a2 82 a2 82 a9 82 e7 00 00
08 03 93 c1 95 ca 82 c9 82 b1 82 ea 82 f0 82 e2 82 e9 82 e6 00 00
09 03
>> Nice response.                                           | Nice response.
>> I am in a good mood today so here's something special.   | I am in a good mood today so
>>                                                          | here is something special

7e 04 01 00 01 00 00 00 01 00 00 00 00 00
02 03 01 00 00 00 00 00
3e 04 01 00 02 00 00 00 01 00 06 00 00 00 01 00 00 00 00 00
40 04 01 00 02 00 00 00 01 00 00 01 00 00 01 00 b0 00 00 00 01 00 01 00 00 00
41 04 01 00 02 00 00 00 3e 04 01 00 02 00 00 00 01 00 03 00
00 00 01 00 00 00 00 00
66 03 01 00 5e 01 00 00 01 00 01 00 00 00
67 03
79 04 01 00 00 00 00 00 01 00 00 00 00 00 01 00 0d 00 00 00
7a 04 01 00 00 00 00 00 01 00 01 00 00 00 01 00 01 00 00 00
01 03 01 00 02 00 00 00 01 00 04 00 00 00
7e 04 01 00 00 00 00 00 01 00 01 00 00 00
02 00 5e 04                                                 | addr
02 00 82 01 01 00 00 00 8b 00 00 00

08 03 82 b1 82 ea 81 41 95 90 8a ed 82 cc 8d de 97 bf 82 be 81 49 00 00
08 03 82 ad 82 ea 82 e9 82 cc 81 49 81 48 00 00
    03 00 94 04                                             | addr
08 03 82 b1 82 ea 81 41 95 90 8a ed 82 cc 8d de 97 bf 81 49 00 00
08 03 82 e0 82 e7 82 c1 82 bf 82 e1 82 c1 82 c4 82 a2 82 a2 82 cc 81 49 81 48 00 00
    03 00 94 04                                             | addr
    7b 04
09 03
>> Ritchie: This is a material for crafting!                | This is crafting material!
>>          You're giving it to me!?                        | You're giving it to me!?
>> Rif:     ?                                               | This is crafting material!
>>                                                          | You're giving it to me!?

7e 04 01 00 00 00 00 00 01 00 00 00 00 00
7a 04 01 00 00 00 00 00 01 00 00 00 00 00 01 00 01 00 00 00
02 03 01 00 04 00 00 00
7b 04
01 03 01 00 08 00 00 00 01 00 00 00 00 00
7e 04 01 00 01 00 00 00 01 00 01 00 00 00

08 03 83 49 83 8c 82 cc 93 53 8d 7a 90 ce 82 be 82 a9 82 e7 82 c8 00 00
08 03 93 58 82 cc 8f a4 95 69 82 b6 82 e1 82 cb 82 a5 00 00
08 03 8b 43 82 c9 82 b5 82 c8 82 a2 82 c5 8e e6 82 c1 82 c6 82 ab 82 c8 00 00
09 03
>> It's because it's my own Iron Ore,                       | It's my own Ore,
>> not the shop's commodities.                              | not the shop's.
>> Don't worry about it and take it.                        | Take it

7e 04 01 00 01 00 00 00 01 00 00 00 00 00
02 03 01 00 00 00 00 00
79 04 01 00 00 00 00 00 01 00 00 00 00 00 01 00 0c 00 00 00
7a 04 01 00 00 00 00 00 01 00 01 00 00 00 01 00 01 00 00 00
01 03 01 00 02 00 00 00 01 00 04 00 00 00
7e 04 01 00 00 00 00 00 01 00 01 00 00 00

08 03 91 ba 92 b7 81 63 00 00
08 03 83 4a 83 62 83 52 83 43 81 5b 81 49 00 00
    7b 04
09 03
>> Chief... you're so cool!                                 | Chief
>>                                                          | You're cool!

7e 04 01 00 00 00 00 00 01 00 00 00 00 00
7a 04 01 00 00 00 00 00 01 00 00 00 00 00 01 00 01 00 00 00
02 03 01 00 04 00 00 00
7b 04 01 03 01 00 08 00 00 00 01 00 00 00 00 00
7e 04 01 00 01 00 00 00 01 00 01 00 00 00

08 03 82 a0 82 e8 82 aa 82 c6 82 e6 00 00
08 03 82 c5 82 e0 8d a1 89 f1 82 be 82 af 93 c1 95 ca 82 be 82 a9 82 e7 82 c8 00 00
08 03 83 94 83 42 81 5b 82 cb 82 a6 82 b3 82 f1 82 c9 82 cd 83 69 83 43 83 56 83 87 82 c8 00 00
09 03
>> Thank you, but that it's only going                      | Thanks.
>> to happen today, keep it a secret from                   | But this will only happen today.
>> V.E nee-san.                                             | Keep it a secret from V.E nee-san

7e 04 01 00 01 00 00 00 01 00 00 00 00 00
02 03 01 00 00 00 00 00
79 04 01 00 00 00 00 00 01 00 00 00 00 00 01 00 0d 00 00 00
7a 04 01 00 00 00 00 00 01 00 01 00 00 00 01 00 01 00 00 00 01 03 01 00 02 00 00 00 01 00 04 00 00 00
7e 04 01 00 00 00 00 00 01 00 01 00 00 00

08 03 82 cd 82 a2 81 49 00 00
08 03 82 a0 82 e8 82 aa 82 c6 82 a4 81 49 00 00
    7b 04
09 03
>> Yes!                                                     | Yes!
>> Thank you!                                               | Thanks!

7e 04 01 00 00 00 00 00 01 00 00 00 00 00
7a 04 01 00 00 00 00 00 01 00 00 00 00 00 01 00 01 00 00 00
02 03 01 00 04 00 00 00
7b 04
3e 04 01 00 02 00 00 00 01 00 06 00 00 00 01 00 00 00 00 00
40 04 01 00 02 00 00 00 01 00 00 01 00 00 01 00 84 00 00 00 01 00 01 00 00 00
41 04 01 00 02 00 00 00
3e 04 01 00 02 00 00 00 01 00 03 00 00 00 01 00 00 00 00 00
19 04 01 00 00 00 00 00 01 00 02 00 00 00 01 00 00 00 00 00 01 00 1e 00 00 00 01 00 0c 00 00 00 01 00 00 00 00 00
3a 03 01 00 6d 00 00 00 01 00 00 00 00 00
1b 04 01 00 00 00 00 00
3e 04 01 00 02 00 00 00 01 00 06 00 00 00 01 00 00 00 00 00
40 04 01 00 02 00 00 00 01 00 00 01 00 00 01 00 78 00 00 00 01 00 01 00 00 00
41 04 01 00 02 00 00 00
43 04 01 00 02 00 00 00 01 00 10 00 00 00 01 00 00 00 00 00
43 04 01 00 02 00 00 00 01 00 20 00 00 00 01 00 00 00 00 00
1a 04 01 00 00 00 00 00 01 00 00 00 00 00
19 04 01 00 00 00 00 00 01 00 02 00 00 00 01 00 00 00 00 00 01 00 1e 00 00 00 01 00 0c 00 00 00 01 00 05 00 00 00
1b 04 01 00 00 00 00 00
1a 04 01 00 00 00 00 00 01 00 00 00 00 00
3c 04 01 00 00 00 00 00 01 00 01 00 00 00
79 04 01 00 00 00 00 00 01 00 00 00 00 00 01 00 0c 00 00 00
7a 04 01 00 00 00 00 00 01 00 01 00 00 00 01 00 01 00 00 00
01 03 01 00 02 00 00 00 01 00 04 00 00 00
7e 04 01 00 00 00 00 00 01 00 01 00 00 00
02 00 a2 08                                                 | addr
02 00 82 01 01 00 00 00 8b 00 00 00

08 03 82 b1 82 ea 82 c5 8d de 97 bf 82 cd 82 bb 82 eb 82 c1 82 bd 82 bc 81 49 00 00
08 03 8b 41 82 c1 82 c4 95 90 8a ed 82 f0 82 c2 82 ad 82 eb 82 a4 81 49 00 00
    03 00 da 08                                             | addr
08 03 8d de 97 bf 82 aa 82 bb 82 eb 82 c1 82 bf 82 e1 82 c1 82 bd 81 49 00 00
08 03 8b 41 82 c1 82 c4 95 90 8a ed 82 f0 82 c2 82 ad 82 eb 82 a4 81 49 00 00
    03 00 da 08                                             | addr
    7b 04
09 03
>> Ritchie: With this, I've got all the materials,          | Now I have the materials!
>>          let's go home and craft weapons!                | Let's go home and craft weapons!
>> Rif:     ?                                               | Now I have the materials!
>>                                                          | Let's go home and craft weapons!

7e 04 01 00 00 00 00 00 01 00 00 00 00 00
7a 04 01 00 00 00 00 00 01 00 00 00 00 00 01 00 01 00 00 00
02 03 01 00 04 00 00 00
7b 04
3c 04 01 00 00 00 00 00 01 00 04 00 00 00
04 00

1a 03 01 00 07 00 00 00
1b 03 01 00 07 00 00 00 01 00 ff ff 00 00 01 00 ff ff 00 00 02 00 c8 00 00 00 02 00 c9 00 00 00
1c 03 01 00 07 00 00 00 01 00 01 00 00 00
1f 03 01 00 07 00 00 00
08 00

1b 03 01 00 07 00 00 00 01 00 ff ff 00 00 01 00 ff ff 00 00 02 00 c8 00 00 00 02 00 c9 00 00 00
1c 03 01 00 07 00 00 00 01 00 02 00 00 00
1f 03 01 00 07 00 00 00
1a 03 01 00 07 00 00 00
08 00

1a 03 01 00 07 00 00 00
1b 03 01 00 07 00 00 00 01 00 ff ff 02 00 cb 00 86 00 00 00 02 00 cc 00 00 00 02 00 c8 00 00 00 02 00 c9 00 00 00
1c 03 01 00 07 00 00 00 01 00 01 00 00 00
1f 03 01 00 07 00 00 00
08 00

1a 03 01 00 06 00 00 00
1b 03 01 00 06 00 00 00 02 00 cb 00 00 00 01 00 00 00 00 00 02 00 c8 00 00 00 02 00 c9 00 00 00
1c 03 01 00 06 00 00 00 01 00 01 00 00 00
1f 03 01 00 06 00 00 00
08 00

1b 03 01 00 07 00 00 00 01 00 ff ff 02 00 cb 00 86 00 00 00 02 00 cc 00 00 00 02 00 c8 00 00 00 02 00 c9 00 00 00
1c 03 01 00 07 00 00 00 01 00 02 00 00 00
1f 03 01 00 07 00 00 00
1a 03 01 00 07 00 00 00
08 00

1b 03 01 00 06 00 00 00 02 00 cb 00 00 00 01 00 00 00 00 00 02 00 c8 00 00 00 02 00 c9 00 00 00
1c 03 01 00 06 00 00 00 01 00 02 00 00 00
1f 03 01 00 06 00 00 00
1a 03 01 00 06 00 00 00
08 00

1a 03 01 00 07 00 00 00
1b 03 01 00 07 00 00 00 01 00 ff ff 00 00 01 00 ff ff 00 00 02 00 cd 00 00 00 02 00 c9 00 00 00
1c 03 01 00 07 00 00 00 01 00 01 00 00 00
0d 04 01 00 0f 00 00 00
1a 03 01 00 06 00 00 00
1b 03 01 00 06 00 00 00 01 00 ff ff 00 00 01 00 ff ff 00 00 02 00 c8 00 00 00 02 00 c9 00 00 00
1c 03 01 00 06 00 00 00 01 00 01 00 00 00
1f 03 01 00 06 00 00 00
1a 03 01 00 07 00 00 00
1b 03 01 00 06 00 00 00 01 00 ff ff 00 00 01 00 ff ff 00 00 02 00 c8 00 00 00 02 00 c9 00 01 00 02 00 83 00 00 00
1c 03 01 00 06 00 00 00 01 00 02 00 00 00
1f 03 01 00 06 00 00 00
1a 03 01 00 06 00 00 00
08 00

1a 03 01 00 07 00 00 00
1b 03 01 00 07 00 00 00 01 00 ff ff 00 00 01 00 ff ff 00 00 02 00 cd 00 00 00 02 00 c9 00 00 00
1c 03 01 00 07 00 00 00 01 00 01 00 00 00 0d 04 01 00 0f 00 00 00
1a 03 01 00 06 00 00 00
1b 03 01 00 06 00 00 00 01 00 ff ff 00 00 01 00 ff ff 00 00 02 00 c8 00 00 00 02 00 c9 00 00 00
1c 03 01 00 06 00 00 00 01 00 01 00 00 00
1f 03 01 00 06 00 00 00
1a 03 01 00 07 00 00 00
08 00

1b 03 01 00 06 00 00 00 01 00 ff ff 00 00 01 00 ff ff 00 00 02 00 c8 00 00 00 02 00 c9 00 01 00 02 00 83 00 00 00
1c 03 01 00 06 00 00 00 01 00 02 00 00 00
1f 03 01 00 06 00 00 00
1a 03 01 00 06 00 00 00
08 00

02 00 62 0c 02 00 c3 00 01 00 00 00 8b 00 00 00 01 00 02 00 cb 00 02 00 cb 00 01 00 01 00 8f 00 00 00 03 00 9c 0e
02 00 88 0c 02 00 c3 00 01 00 01 00 8b 00 00 00 01 00 02 00 cb 00 02 00 cb 00 01 00 02 00 8f 00 00 00 03 00 9c 0e
02 00 ae 0c 02 00 c3 00 01 00 02 00 8b 00 00 00 01 00 02 00 cb 00 02 00 cb 00 01 00 04 00 8f 00 00 00 03 00 9c 0e
02 00 d4 0c 02 00 c3 00 01 00 03 00 8b 00 00 00 01 00 02 00 cb 00 02 00 cb 00 01 00 08 00 8f 00 00 00 03 00 9c 0e
02 00 fa 0c 02 00 c3 00 01 00 04 00 8b 00 00 00 01 00 02 00 cb 00 02 00 cb 00 01 00 10 00 8f 00 00 00 03 00 9c 0e
02 00 20 0d 02 00 c3 00 01 00 05 00 8b 00 00 00 01 00 02 00 cb 00 02 00 cb 00 01 00 20 00 8f 00 00 00 03 00 9c 0e
02 00 46 0d 02 00 c3 00 01 00 06 00 8b 00 00 00 01 00 02 00 cb 00 02 00 cb 00 01 00 40 00 8f 00 00 00 03 00 9c 0e
02 00 6c 0d 02 00 c3 00 01 00 07 00 8b 00 00 00 01 00 02 00 cb 00 02 00 cb 00 01 00 80 00 8f 00 00 00 03 00 9c 0e
02 00 92 0d 02 00 c3 00 01 00 08 00 8b 00 00 00 01 00 02 00 cb 00 02 00 cb 00 01 00 00 01 8f 00 00 00 03 00 9c 0e
02 00 b8 0d 02 00 c3 00 01 00 09 00 8b 00 00 00 01 00 02 00 cb 00 02 00 cb 00 01 00 00 02 8f 00 00 00 03 00 9c 0e
02 00 de 0d 02 00 c3 00 01 00 0a 00 8b 00 00 00 01 00 02 00 cb 00 02 00 cb 00 01 00 00 04 8f 00 00 00 03 00 9c 0e
02 00 04 0e 02 00 c3 00 01 00 0b 00 8b 00 00 00 01 00 02 00 cb 00 02 00 cb 00 01 00 00 08 8f 00 00 00 03 00 9c 0e
02 00 2a 0e 02 00 c3 00 01 00 0c 00 8b 00 00 00 01 00 02 00 cb 00 02 00 cb 00 01 00 00 10 8f 00 00 00 03 00 9c 0e
02 00 50 0e 02 00 c3 00 01 00 0d 00 8b 00 00 00 01 00 02 00 cb 00 02 00 cb 00 01 00 00 20 8f 00 00 00 03 00 9c 0e
02 00 76 0e 02 00 c3 00 01 00 0e 00 8b 00 00 00 01 00 02 00 cb 00 02 00 cb 00 01 00 00 40 8f 00 00 00 03 00 9c 0e
02 00 9c 0e 02 00 c3 00 01 00 0f 00 8b 00 00 00 01 00 02 00 cb 00 02 00 cb 00 01 00 00 80 8f 00 00 00 03 00 9c 0e
08 00
