Day 0 script, learning to use the forge.

================================================================

50 53 49 33 70 0d 00 00 00 00 00 00 00 00 00 00

3c 04 01 00 02 00 00 00 01 00 01 00 00 00
3e 04 01 00 00 00 00 00 01 00 06 00 00 00 01 00 00 00 00 00
40 04 01 00 00 00 00 00 01 00 80 00 00 00 01 00 96 00 00 00 01 00 01 00 00 00
41 04 01 00 00 00 00 00
3e 04 01 00 00 00 00 00 01 00 03 00 00 00 01 00 00 00 00 00
3c 04 01 00 00 00 00 00 01 00 03 00 00 00
78 04 01 00 00 00 00 00 01 00 00 00 00 00
79 04 01 00 00 00 00 00 01 00 00 00 00 00 01 00 0c 00 00 00
7d 04 01 00 00 00 00 00 01 00 00 00 00 00
78 04 01 00 01 00 00 00 01 00 09 00 00 00
79 04 01 00 01 00 00 00 01 00 00 00 00 00 01 00 0c 00 00 00
7d 04 01 00 01 00 00 00 01 00 6c 00 00 00
07 00 e0 0c
07 00 48 0c

08 03 82 b3 82 c4 00 00
08 03 82 b1 82 ea 82 a9 82 e7 95 90 8a ed 82 f0 8d ec 82 e9 82 ed 82 af 82 be 82 aa 00 00
08 03 8d 48 96 5b 82 f0 8e 67 82 a4 8e 9e 82 cd 81 63 00 00
    7b 04
09 03
>> V.E: Well, from now on, you'll be crafting a weapon but
>>      when you use the forge...

07 00 9c 0c
07 00 fa 0b
79 04 01 00 00 00 00 00 01 00 02 00 00 00 01 00 0c 00 00 00
02 00 5e 01
02 00 82 01 01 00 00 00 8b 00 00 00

08 03 8f 89 90 53 96 59 82 ea 82 e9 82 d7 82 a9 82 e7 82 b8 81 49 00 00
08 03 82 be 82 eb 81 48 00 00
    03 00 86 01
08 03 8f 89 90 53 96 59 82 ea 82 e9 82 d7 82 a9 82 e7 82 b8 81 49 00 00
08 03 82 c5 82 b5 82 e5 81 48 00 00
    03 00 86 01
09 03
>> Ritchie: Do not forget your original intentions!
>>          Right?
>> Rif:     Do not forget your original intentions!
>>          ?

07 00 30 0c
07 00 66 0c
79 04 01 00 01 00 00 00 01 00 00 00 00 00 01 00 0d 00 00 00

08 03 82 bb 82 a4 82 be 82 e6 00 00
08 03 83 50 83 4b 82 b5 82 c8 82 a2 82 e6 82 a4 82 c9 00 00
08 03 82 e2 82 e9 82 b1 82 c6 82 f0 82 bf 82 e1 82 f1 82 c6 8e 76 82 a2 8f 6f 82 b7 82 f1 82 be 00 00
09 03
>> V.E: That's right.
>>      Remember to prepare so that
>>      you avoid injury.

07 00 9c 0c
07 00 fa 0b
79 04 01 00 00 00 00 00 01 00 02 00 00 00 01 00 0d 00 00 00

08 03 82 cd 82 a2 81 49 00 00
09 03
>> Ritchie: Yes!

07 00 36 0d
07 00 18 0c
7b 04
3e 04 01 00 02 00 00 00 01 00 06 40 00 00 01 00 00 00 00 00
40 04 01 00 02 00 00 00 01 00 90 00 00 00 01 00 78 00 00 00 01 00 01 00 00 00
41 04 01 00 02 00 00 00
3e 04 01 00 02 00 00 00 01 00 03 00 00 00 01 00 00 00 00 00
3c 04 01 00 02 00 00 00 01 00 02 00 00 00
47 04 01 00 02 00 00 00 01 00 01 00 00 00
3e 04 01 00 00 00 00 00 01 00 06 00 00 00 01 00 00 00 00 00
40 04 01 00 00 00 00 00 01 00 80 00 00 00 01 00 64 00 00 00 01 00 01 00 00 00
41 04 01 00 00 00 00 00
3e 04 01 00 00 00 00 00 01 00 03 00 00 00 01 00 00 00 00 00
3c 04 01 00 00 00 00 00 01 00 03 00 00 00
79 04 01 00 00 00 00 00 01 00 00 00 00 00 01 00 0e 00 00 00
07 00 b4 0c
07 00 dc 0b
7e 04 01 00 00 00 00 00 01 00 01 00 00 00

08 03 95 90 8a ed 82 f0 8d ec 82 e9 82 c9 82 cd 81 41 82 dc 82 b8 81 63 00 00
08 03 82 b1 82 cc 83 5e 83 5e 83 89 82 c9 95 90 8a ed 82 cc 8d de 97 bf 82 f0 81 63 00 00
    7b 04
09 03
>> Ritchie: To craft a weapon, first...
>>          Put the material into the furnace...

07 00 0a 0d
07 00 18 0c
7b 04
1b 03 01 00 07 00 00 00 01 00 c2 ff 00 00 01 00 f0 ff 00 00 01 00 00 00 00 00 01 00 3c 00 00 00
1c 03 01 00 07 00 00 00 01 00 01 00 00 00
21 03 01 00 07 00 00 00 01 00 1e 00 00 00
0d 04 01 00 1e 00 00 00
01 03 01 00 00 00 00 00 01 00 09 00 00 00
05 03 01 00 01 00 00 00

08 03 95 90 8a ed 82 f0 8d ec 82 e9 82 c9 82 cd 82 dc 82 b8 83 5e 83 5e 83 89 82 c9 90 da 90 47 82 b5 82 c4 00 00
08 03 82 60 83 7b 83 5e 83 93 82 c5 83 81 83 6a 83 85 81 5b 83 45 83 43 83 93 83 68 83 45 82 f0 8a 4a 82 ab 00 00
08 03 8d ec 90 bb 82 f0 91 49 82 d1 82 dc 82 b7 00 00
09 03
>> 舞器を作るにはまずタタラに接触して
>> A ボタンでメニューウインドウを開き
>> 作製を選びます
>> Instructions: ?

08 03 95 90 8a ed 82 cc 83 78 81 5b 83 58 82 c6 82 c8 82 e9 83 7d 83 65 83 8b 82 c6 00 00
08 03 91 67 82 dd 8d 87 82 ed 82 b9 82 e9 8d 87 90 ac 83 41 83 43 83 65 83 80 82 f0 8c 88 82 df 82 e9 82 c6 00 00
08 03 95 90 8a ed 82 cc 8a ae 90 ac 82 c5 82 b7 00 00
09 03
>> 舞器のベースとなるマテルと
>> 組み壕わせる壕成アイテムを潔めると
>> 舞器の完成です
>> Instructions: ?

08 03 83 7d 83 65 83 8b 82 c9 82 e6 82 c1 82 c4 95 90 8a ed 83 5e 83 43 83 76 82 aa 00 00
08 03 8d 87 90 ac 83 41 83 43 83 65 83 80 82 c9 82 e6 82 c1 82 c4 8c a9 82 bd 96 da 82 e2 8b ad 82 b3 82 aa 00 00
08 03 8c 88 92 e8 82 b3 82 ea 82 dc 82 b7 00 00
09 03
>> マテルによって舞器タイプが
>> 壕成アイテムによって見た目や強さが
>> 潔定されます
>> Instructions: ?

02 03 01 00 09 00 00 00
20 03 01 00 07 00 00 00 01 00 02 00 00 00
1d 03 01 00 07 00 00 00 01 00 00 00 00 00
1f 03 01 00 07 00 00 00
1a 03 01 00 07 00 00 00
79 04 01 00 00 00 00 00 01 00 01 00 00 00 01 00 0c 00 00 00
07 00 b4 0c
07 00 dc 0b

08 03 82 e6 82 b5 81 49 00 00
08 03 83 4a 83 93 83 79 83 4c 81 49 00 00
    7b 04
09 03
>> Ritchie: Alright!
>>          Perfect!

07 00 30 0c
79 04 01 00 01 00 00 00 01 00 02 00 00 00 01 00 0d 00 00 00
07 00 ca 0c
07 00 66 0c

08 03 82 b6 82 e1 82 a0 81 41 83 5e 83 5e 83 89 82 c9 8d de 97 bf 82 f0 82 d4 82 bf 82 b1 82 dd 82 c8 81 49 00 00
08 03 82 bb 82 b5 82 c4 83 6e 83 93 83 7d 81 5b 82 c5 8d b0 82 f0 82 bd 82 bd 82 ab 82 b1 82 f1 82 c5 00 00
08 03 95 90 8a ed 82 c6 82 a2 82 a4 8c 60 82 c9 8e 64 8f e3 82 b0 82 e9 82 f1 82 be 81 49 00 00
    7b 04
09 03
>> V.E: Well, put the materials into the furnace!
>>      Then hit it with your hammer's soul and finish by
>>      giving it a weapon's shape!

07 00 9c 0c
3c 04 01 00 00 00 00 00 01 00 01 00 00 00
07 00 fa 0b
79 04 01 00 00 00 00 00 01 00 02 00 00 00 01 00 0f 00 00 00

08 03 82 cd 82 a2 81 49 00 00
09 03
>> Ritchie: Yes!

07 00 30 0c
07 00 66 0c
79 04 01 00 01 00 00 00 01 00 00 00 00 00 01 00 0f 00 00 00

08 03 8b 43 8d 87 82 a2 93 fc 82 ea 82 c4 82 a2 82 ad 82 e6 81 49 00 00
09 03
>> V.E: Put some spirit into it!

07 00 9c 0c
07 00 fa 0b
79 04 01 00 00 00 00 00 01 00 02 00 00 00 01 00 11 00 00 00

08 03 82 a8 81 5b 81 49 00 00
09 03
>> Ritchie: Yes!

07 00 36 0d
07 00 18 0c
7b 04
3c 04 01 00 00 00 00 00 01 00 03 00 00 00
04 00

1a 03 01 00 07 00 00 00 1b 03 01 00 07 00 00 00 01 00 ff ff 00 00 01 00 ff ff 00
00 02 00 c8 00 00 00 02 00 c9 00 00 00 1c 03 01 00 07 00 00 00 01 00 01 00 00 00
1f 03 01 00 07 00 00 00 08 00 1b 03 01 00 07 00 00 00 01 00 ff ff 00 00 01 00 ff
ff 00 00 02 00 c8 00 00 00 02 00 c9 00 00 00 1c 03 01 00 07 00 00 00 01 00 02 00
00 00 1f 03 01 00 07 00 00 00 1a 03 01 00 07 00 00 00 08 00 1a 03 01 00 07 00 00
00 1b 03 01 00 07 00 00 00 01 00 ff ff 02 00 cb 00 86 00 00 00 02 00 cc 00 00 00
02 00 c8 00 00 00 02 00 c9 00 00 00 1c 03 01 00 07 00 00 00 01 00 01 00 00 00 1f
03 01 00 07 00 00 00 08 00 1a 03 01 00 06 00 00 00 1b 03 01 00 06 00 00 00 02 00
cb 00 00 00 01 00 00 00 00 00 02 00 c8 00 00 00 02 00 c9 00 00 00 1c 03 01 00 06
00 00 00 01 00 01 00 00 00 1f 03 01 00 06 00 00 00 08 00 1b 03 01 00 07 00 00 00
01 00 ff ff 02 00 cb 00 86 00 00 00 02 00 cc 00 00 00 02 00 c8 00 00 00 02 00 c9
00 00 00 1c 03 01 00 07 00 00 00 01 00 02 00 00 00 1f 03 01 00 07 00 00 00 1a 03
01 00 07 00 00 00 08 00 1b 03 01 00 06 00 00 00 02 00 cb 00 00 00 01 00 00 00 00
00 02 00 c8 00 00 00 02 00 c9 00 00 00 1c 03 01 00 06 00 00 00 01 00 02 00 00 00
1f 03 01 00 06 00 00 00 1a 03 01 00 06 00 00 00 08 00 1a 03 01 00 07 00 00 00 1b
03 01 00 07 00 00 00 01 00 ff ff 00 00 01 00 ff ff 00 00 02 00 cd 00 00 00 02 00
c9 00 00 00 1c 03 01 00 07 00 00 00 01 00 01 00 00 00 0d 04 01 00 0f 00 00 00 1a
03 01 00 06 00 00 00 1b 03 01 00 06 00 00 00 01 00 ff ff 00 00 01 00 ff ff 00 00
02 00 c8 00 00 00 02 00 c9 00 00 00 1c 03 01 00 06 00 00 00 01 00 01 00 00 00 1f
03 01 00 06 00 00 00 1a 03 01 00 07 00 00 00 1b 03 01 00 06 00 00 00 01 00 ff ff
00 00 01 00 ff ff 00 00 02 00 c8 00 00 00 02 00 c9 00 01 00 02 00 83 00 00 00 1c
03 01 00 06 00 00 00 01 00 02 00 00 00 1f 03 01 00 06 00 00 00 1a 03 01 00 06 00
00 00 08 00 1a 03 01 00 07 00 00 00 1b 03 01 00 07 00 00 00 01 00 ff ff 00 00 01
00 ff ff 00 00 02 00 cd 00 00 00 02 00 c9 00 00 00 1c 03 01 00 07 00 00 00 01 00
01 00 00 00 0d 04 01 00 0f 00 00 00 1a 03 01 00 06 00 00 00 1b 03 01 00 06 00 00
00 01 00 ff ff 00 00 01 00 ff ff 00 00 02 00 c8 00 00 00 02 00 c9 00 00 00 1c 03
01 00 06 00 00 00 01 00 01 00 00 00 1f 03 01 00 06 00 00 00 1a 03 01 00 07 00 00
00 08 00 1b 03 01 00 06 00 00 00 01 00 ff ff 00 00 01 00 ff ff 00 00 02 00 c8 00
00 00 02 00 c9 00 01 00 02 00 83 00 00 00 1c 03 01 00 06 00 00 00 01 00 02 00 00
00 1f 03 01 00 06 00 00 00 1a 03 01 00 06 00 00 00 08 00 02 00 a0 09 02 00 c3 00
01 00 00 00 8b 00 00 00 01 00 02 00 cb 00 02 00 cb 00 01 00 01 00 8f 00 00 00 03
00 da 0b 02 00 c6 09 02 00 c3 00 01 00 01 00 8b 00 00 00 01 00 02 00 cb 00 02 00
cb 00 01 00 02 00 8f 00 00 00 03 00 da 0b 02 00 ec 09 02 00 c3 00 01 00 02 00 8b
00 00 00 01 00 02 00 cb 00 02 00 cb 00 01 00 04 00 8f 00 00 00 03 00 da 0b 02 00
12 0a 02 00 c3 00 01 00 03 00 8b 00 00 00 01 00 02 00 cb 00 02 00 cb 00 01 00 08
00 8f 00 00 00 03 00 da 0b 02 00 38 0a 02 00 c3 00 01 00 04 00 8b 00 00 00 01 00
02 00 cb 00 02 00 cb 00 01 00 10 00 8f 00 00 00 03 00 da 0b 02 00 5e 0a 02 00 c3
00 01 00 05 00 8b 00 00 00 01 00 02 00 cb 00 02 00 cb 00 01 00 20 00 8f 00 00 00
03 00 da 0b 02 00 84 0a 02 00 c3 00 01 00 06 00 8b 00 00 00 01 00 02 00 cb 00 02
00 cb 00 01 00 40 00 8f 00 00 00 03 00 da 0b 02 00 aa 0a 02 00 c3 00 01 00 07 00
8b 00 00 00 01 00 02 00 cb 00 02 00 cb 00 01 00 80 00 8f 00 00 00 03 00 da 0b 02
00 d0 0a 02 00 c3 00 01 00 08 00 8b 00 00 00 01 00 02 00 cb 00 02 00 cb 00 01 00
00 01 8f 00 00 00 03 00 da 0b 02 00 f6 0a 02 00 c3 00 01 00 09 00 8b 00 00 00 01
00 02 00 cb 00 02 00 cb 00 01 00 00 02 8f 00 00 00 03 00 da 0b 02 00 1c 0b 02 00
c3 00 01 00 0a 00 8b 00 00 00 01 00 02 00 cb 00 02 00 cb 00 01 00 00 04 8f 00 00
00 03 00 da 0b 02 00 42 0b 02 00 c3 00 01 00 0b 00 8b 00 00 00 01 00 02 00 cb 00
02 00 cb 00 01 00 00 08 8f 00 00 00 03 00 da 0b 02 00 68 0b 02 00 c3 00 01 00 0c
00 8b 00 00 00 01 00 02 00 cb 00 02 00 cb 00 01 00 00 10 8f 00 00 00 03 00 da 0b
02 00 8e 0b 02 00 c3 00 01 00 0d 00 8b 00 00 00 01 00 02 00 cb 00 02 00 cb 00 01
00 00 20 8f 00 00 00 03 00 da 0b 02 00 b4 0b 02 00 c3 00 01 00 0e 00 8b 00 00 00
01 00 02 00 cb 00 02 00 cb 00 01 00 00 40 8f 00 00 00 03 00 da 0b 02 00 da 0b 02
00 c3 00 01 00 0f 00 8b 00 00 00 01 00 02 00 cb 00 02 00 cb 00 01 00 00 80 8f 00
00 00 03 00 da 0b 08 00 01 03 01 00 02 00 00 00 01 00 04 00 00 00 7e 04 01 00 00
00 00 00 01 00 01 00 00 00 08 00 01 03 01 00 02 00 00 00 01 00 07 00 00 00 7e 04
01 00 00 00 00 00 01 00 01 00 00 00 08 00 7e 04 01 00 00 00 00 00 01 00 00 00 00
00 02 03 01 00 04 00 00 00 08 00 7e 04 01 00 00 00 00 00 01 00 00 00 00 00 02 03
01 00 07 00 00 00 08 00 01 03 01 00 04 00 00 00 01 00 05 00 00 00 7e 04 01 00 01
00 00 00 01 00 01 00 00 00 08 00 01 03 01 00 04 00 00 00 01 00 07 00 00 00 7e 04
01 00 01 00 00 00 01 00 01 00 00 00 08 00 7e 04 01 00 01 00 00 00 01 00 00 00 00
00 02 03 01 00 05 00 00 00 08 00 7e 04 01 00 01 00 00 00 01 00 00 00 00 00 02 03
01 00 07 00 00 00 08 00 7a 04 01 00 00 00 00 00 01 00 01 00 00 00 01 00 01 00 00
00 08 00 7a 04 01 00 01 00 00 00 01 00 01 00 00 00 01 00 01 00 00 00 08 00 7a 04
01 00 00 00 00 00 01 00 01 00 00 00 01 00 01 00 00 00 7a 04 01 00 01 00 00 00 01
00 01 00 00 00 01 00 01 00 00 00 08 00 7a 04 01 00 00 00 00 00 01 00 00 00 00 00
01 00 01 00 00 00 08 00 7a 04 01 00 01 00 00 00 01 00 00 00 00 00 01 00 01 00 00
00 08 00 7a 04 01 00 00 00 00 00 01 00 00 00 00 00 01 00 01 00 00 00 7a 04 01 00
01 00 00 00 01 00 00 00 00 00 01 00 01 00 00 00 08 00
