Day 0 script, after defeating V.E.

================================================================

50 53 49 33 ee 3a 00 00 00 00 00 00 00 00 00 00

32 03
31 03 01 00 20 00 00 00
      01 00 00 01 00 00
78 04 01 00 00 00 00 00
      01 00 00 00 00 00
79 04 01 00 00 00 00 00
      01 00 01 00 00 00
      01 00 0d 00 00 00
7d 04 01 00 00 00 00 00
      01 00 00 00 00 00
07 00 32 3a                                                 | addr @ 0x017bd182
07 00 5a 39                                                 | addr @ 0x017bd186
02 00 76 00                                        goto rif | addr @ 0x017bd18b
02 00 82 01 01 00 00 00 8b 00 00 00

08 03 82 e2 82 c1 82 bd 81 49 00 00
08 03 8f 9f 82 c1 82 bd 82 bc 81 49 00 00
    03 00 9a 00                               merge (7b 04) | addr @ 0x017bd1af
08 03 82 e2 82 c1 82 bd 82 9f 81 49 00 00
08 03 8f 9f 82 c1 82 bf 82 e1 82 c1 82 bd 81 49 00 00
    03 00 9a 00                               merge (7b 04) | addr @ 0x017bd1bd + 2
    7b 04
09 03
>> Ritchie: Hurray! \\ Victory!                             | Hurray! \\ Victory!
>> Rif:     ?                                               | Hurray! \\ Victory!

07 00 88 3a                                                 | addr @ 0x017bd1c5
07 00 96 39                                                 | addr @ 0x017bd1c9
7b 04
3a 03 01 00 9f 00 00 00
      01 00 00 00 00 00
3b 04 01 00 02 00 00 00
39 04 01 00 02 00 00 00
38 04 01 00 02 00 00 00
      01 00 a0 00 00 00
      01 00 26 02 00 00
      01 00 01 00 00 00
3a 04 01 00 02 00 00 00
      01 00 02 00 00 00
      01 00 00 00 00 00
3d 04 01 00 02 00 00 00
      01 00 90 00 00 00
      01 00 c0 00 00 00
3c 04 01 00 02 00 00 00
      01 00 02 00 00 00
3e 04 01 00 02 00 00 00
      01 00 03 00 00 00
      01 00 00 00 00 00
3e 03 01 00 9f 00 00 00
78 04 01 00 01 00 00 00
      01 00 09 00 00 00
79 04 01 00 01 00 00 00
      01 00 01 00 00 00
      01 00 0c 00 00 00
78 04 01 00 00 00 00 00
      01 00 00 00 00 00
79 04 01 00 00 00 00 00
      01 00 00 00 00 00
      01 00 0c 00 00 00
7d 04 01 00 01 00 00 00
      01 00 6c 00 00 00
07 00 48 3a                                                 | addr @ 0x017bd227
07 00 c6 39                                                 | addr @ 0x017bd22a

08 03 8b ad 82 ad 82 c8 82 c1 82 bd 82 cb 82 a5 81 63 00 00
08 03 83 41 83 93 83 5e 82 cc 83 6e 83 93 83 7d 81 5b 82 a9 82 e7 00 00
08 03 92 62 82 a6 82 bd 8d b0 82 aa 93 60 82 ed 82 c1 82 c4 82 ab 82 bd 82 e6 00 00
09 03
>> You've become strong...                                  | You've become strong...
>> I could feel the soul you've forged with your hammer.    | I felt the soul
>>                                                          | you've forged with your hammer

79 04 01 00 01 00 00 00
      01 00 00 00 00 00
      01 00 0d 00 00 00
79 04 01 00 00 00 00 00
      01 00 05 00 00 00
      01 00 0c 00 00 00

08 03 83 4a 83 62 83 52 82 e6 82 a9 82 c1 82 bd 82 bc 00 00
    7b 04
09 03
>> You were very cool.                                      | You were very cool

07 00 1a 3a                                                 | addr @ 0x017bd291
07 00 32 3a                                                 | addr @ 0x017bd294
07 00 78 39                                                 | addr @ 0x017bd296
79 04 01 00 01 00 00 00
      01 00 01 00 00 00
      01 00 0d 00 00 00
79 04 01 00 00 00 00 00
      01 00 07 00 00 00
      01 00 0d 00 00 00
02 00 8a 02                                        goto rif | addr @ 0x017bd2a2
02 00 82 01 01 00 00 00 8b 00 00 00

08 03 82 a0 81 63 81 49 00 00
08 03 82 a0 82 e8 82 aa 82 c6 82 a4 81 41 83 94 83 42 81 5b 82 cb 82 a6 82 bf 82 e1 82 f1 81 49 00 00
    03 00 b2 02                               merge (09 03) | addr @ 0x017bd2c9
08 03 82 a0 81 63 81 49 00 00
08 03 82 a0 82 e8 82 aa 82 c6 82 a4 81 41 83 94 83 42 81 5b 8e 6f 81 49 00 00
    03 00 b2 02                               merge (09 03) | addr @ 0x017bd2d1 + 6
09 03
>> Ritchie: Ah...! \\ Thanks, V.E nee-chan                  | Ah...! \\ Thanks, V.E nee-chan!
>> Rif:     Ah...! \\ ?                                     | Ah...! \\ Thanks, V.E sis!

07 00 b4 3a                                                 | addr @ 0x017bd2d6
07 00 96 39                                                 | addr @ 0x017bd2d7 + 3
7b 04
7d 04 01 00 00 00 00 00
      01 00 6a 00 00 00
01 03 01 00 08 00 00 00
      01 00 07 00 00 00
7e 04 01 00 00 00 00 00
      01 00 01 00 00 00

08 03 82 e6 82 ad 82 e2 82 c1 82 bd 82 c8 81 41 83 c0 81 49 00 00
09 03
>> Well done, Ritchburn!                                    | Well done, Ritchburn!

7e 04 01 00 00 00 00 00
      01 00 00 00 00 00
02 03 01 00 07 00 00 00
3c 04 01 00 00 00 00 00
      01 00 01 00 00 00
3c 04 01 00 02 00 00 00
      01 00 01 00 00 00
38 04 01 00 03 00 00 00
      01 00 5e 01 00 00
      01 00 6d 02 00 00
      01 00 01 00 00 00
3a 04 01 00 03 00 00 00
      01 00 03 00 00 00
      01 00 00 00 00 00
3d 04 01 00 03 00 00 00
      01 00 7c 00 00 00
      01 00 20 01 00 00
3c 04 01 00 03 00 00 00
      01 00 03 00 00 00
3e 04 01 00 03 00 00 00
      01 00 06 00 00 00
      01 00 00 00 00 00
89 04 01 00 03 00 00 00
      01 00 01 00 00 00
      01 00 08 00 00 00
40 04 01 00 03 00 00 00
      01 00 7c 00 00 00
      01 00 d8 00 00 00
      01 00 01 00 00 00
41 04 01 00 03 00 00 00
3e 04 01 00 03 00 00 00
      01 00 03 00 00 00
      01 00 00 00 00 00
3c 04 01 00 03 00 00 00
      01 00 03 00 00 00
8c 04
7d 04 01 00 00 00 00 00
      01 00 00 00 00 00
79 04 01 00 00 00 00 00
      01 00 05 00 00 00
      01 00 11 00 00 00
07 00 32 3a                                                 | addr @ 0x017bd34f + 5
07 00 5a 39                                                 | addr @ 0x017bd34f + 9

08 03 83 8d 83 75 81 63 90 65 95 fb 81 49 81 49 00 00
    7b 04
09 03
>> Master... Rob!!                                          | Master...Rob!!

7a 04 01 00 00 00 00 00
      01 00 00 00 00 00
      01 00 01 00 00 00
07 00 96 39                                                 | addr @ 0x017bd369 + 2
33 03 01 00 02 00 00 00
      01 00 1e 00 00 00
      01 00 02 00 cb 00
      01 00 3d 00 00 00
      01 00 02 00 cc 00
      01 00 f0 ff 00 00
      01 00 02 00 c9 00
      01 00 3c 00 00 00
      01 00 02 00 c8 00
      01 00 00 00 00 00
6d 04 01 00 00 00 00 00
      01 00 c0 00 00 00
07 00 f8 36                                                 | addr @ 0x017bd394
6d 04 01 00 03 00 00 00
      01 00 c0 00 00 00
07 00 f8 36                                                 | addr @ 0x017bd39a + 6
07 00 56 34                                                 | addr @ 0x017bd39e
34 03
78 04 01 00 01 00 00 00
      01 00 0e 00 00 00
79 04 01 00 01 00 00 00
      01 00 00 00 00 00
      01 00 0c 00 00 00
7d 04 01 00 01 00 00 00
      01 00 80 00 00 00
07 00 48 3a                                                 | addr @ 0x017bd3ae + 5
07 00 c6 39                                                 | addr @ 0x017bd3ae + 9
79 04 01 00 00 00 00 00
      01 00 00 00 00 00
      01 00 0c 00 00 00

08 03 82 a8 91 4f 82 e0 82 b1 82 ea 82 c5 88 ea 90 6c 91 4f 82 be 82 c8 81 63 00 00
08 03 82 a8 82 df 82 c5 82 c6 82 a4 81 63 00 00
08 03 83 c2 81 63 00 00
    7b 04
09 03
>> With this, I guess you too are a man...                  | I guess you are an adult too now...
>> Congratulations...                                       | Congratulations...
>> Ritchie...                                               | Ritchie...

7a 04 01 00 01 00 00 00
      01 00 00 00 00 00
      01 00 01 00 00 00
07 00 02 3a                                                 | addr @ 0x017bd3e1
7b 04
3a 03 01 00 80 01 00 00
      01 00 00 00 00 00
3b 04 01 00 03 00 00 00
39 04 01 00 03 00 00 00
38 04 01 00 03 00 00 00
      01 00 5f 01 00 00
      01 00 6e 02 00 00
      01 00 02 00 00 00
3a 04 01 00 03 00 00 00
      01 00 03 00 00 00
      01 00 00 00 00 00
3d 04 01 00 03 00 00 00
      01 00 7c 00 00 00
      01 00 d8 00 00 00
3e 04 01 00 03 00 00 00
      01 00 00 00 00 00
      01 00 01 00 00 00
3f 04 01 00 03 00 00 00
3e 03 01 00 80 01 00 00
45 04 01 00 00 00 00 00
      01 00 0a 00 00 00
46 04 01 00 00 00 00 00
3e 04 01 00 00 00 00 00
      01 00 0c 00 00 00
      01 00 00 00 00 00
40 04 01 00 00 00 00 00
      01 00 7c 00 00 00
      01 00 c8 00 00 00
      01 00 02 00 00 00
41 04 01 00 00 00 00 00
3e 04 01 00 00 00 00 00
      01 00 03 00 00 00
      01 00 00 00 00 00
3c 04 01 00 00 00 00 00
      01 00 01 00 00 00
31 03 01 00 24 00 00 00
      01 00 00 01 00 00
79 04 01 00 00 00 00 00
      01 00 05 00 00 00
      01 00 10 00 00 00
7a 04 01 00 00 00 00 00
      01 00 01 00 00 00
      01 00 01 00 00 00
07 00 5a 39                                                 | addr @ 0x017bd43d + 2

08 03 90 65 95 fb 81 63 81 48 00 00
09 03
>> Master...?                                               | Master...?

7a 04 01 00 00 00 00 00
      01 00 00 00 00 00
      01 00 01 00 00 00
07 00 96 39                                                 | addr @ 0x017bd449 + 4
01 03 01 00 08 00 00 00
      01 00 07 00 00 00
7e 04 01 00 01 00 00 00
      01 00 01 00 00 00
79 04 01 00 00 00 00 00
      01 00 04 00 00 00
      01 00 0e 00 00 00

08 03 81 63 00 00
09 03
>> ...                                                      | ...

07 00 1a 3a                                                 | addr @ 0x017bd459 + 4
79 04 01 00 00 00 00 00
      01 00 04 00 00 00
      01 00 10 00 00 00
7a 04 01 00 00 00 00 00
      01 00 01 00 00 00
      01 00 01 00 00 00
07 00 5a 39                                                 | addr @ 0x017bd460 + 8

08 03 90 65 95 fb 81 63 81 49 81 48 00 00
09 03
>> Master...!?                                              | Master...!?

79 04 01 00 00 00 00 00
      01 00 02 00 00 00
      01 00 0f 00 00 00
0b 03 01 00 24 00 00 00
      01 00 74 00 00 00
      01 00 01 00 00 00
      01 00 00 00 00 00
      01 00 00 00 00 00

82 a8 82 e2 82 a9 82 bd 82 9f 81 49 81 49 00 00
>> MAAAASTER!!                                              | Maaaster!!

0c 03
07 00 88 3a                                                 | addr @ 0x017bd481 + 3
07 00 96 39                                                 | addr @ 0x017bd481 + 7
7b 04
3a 03 01 00 3f 01 00 00
      01 00 00 00 00 00
1a 03 01 00 05 00 00 00
1b 03 01 00 05 00 00 00
      01 00 c2 ff 00 00
      01 00 f0 ff 00 00
      01 00 ff 7f 00 00
      01 00 04 00 00 00
1c 03 01 00 05 00 00 00
      01 00 01 00 00 00
1a 03 01 00 04 00 00 00
1b 03 01 00 04 00 00 00
      01 00 3d 00 00 00
      01 00 00 00 00 00
      01 00 ff 7f 00 00
      01 00 04 00 00 00
1c 03 01 00 04 00 00 00
      01 00 01 00 00 00
1f 03 01 00 04 00 00 00
1f 03 01 00 05 00 00 00
3e 03 01 00 3f 01 00 00
0d 04 01 00 08 00 00 00
7f 04 01 00 d0 00 00 00
80 04 01 00 00 00 00 00
      01 00 00 00 00 00
      01 00 00 00 00 00
      01 00 00 00 00 00
81 04 01 00 01 00 00 00
3b 03 01 00 a2 01 00 00
      01 00 00 00 00 00
      01 00 00 00 00 00
      01 00 03 00 00 00
      01 00 b4 00 00 00
      01 00 03 00 00 00
1a 03 01 00 03 00 00 00
1b 03 01 00 03 00 00 00
      01 00 c2 ff 00 00
      01 00 f0 ff 00 00
      01 00 00 00 00 00
      01 00 3c 00 00 00
1c 03 01 00 03 00 00 00
      01 00 01 00 00 00
1a 03 01 00 04 00 00 00
1b 03 01 00 04 00 00 00
      01 00 3d 00 00 00
      01 00 00 00 00 00
      01 00 ff 7f 00 00
      01 00 3c 00 00 00
1c 03 01 00 04 00 00 00
      01 00 02 00 00 00
1f 03 01 00 03 00 00 00
1f 03 01 00 04 00 00 00
1a 03 01 00 05 00 00 00
01 03 01 00 08 00 00 00
      01 00 00 00 00 00
7d 04 01 00 00 00 00 00
      01 00 6c 00 00 00
7e 04 01 00 00 00 00 00
      01 00 01 00 00 00

08 03 82 c7 82 a4 82 a2 82 a4 82 b1 82 c6 82 c8 82 f1 82 be 82 a2 81 48 00 00
08 03 83 7b 83 58 83 5e 83 74 81 63 81 49 00 00
09 03
>> What does this mean?                                     | What does this mean?
>> Bostaf...!                                               | Bostaph...!

7e 04 01 00 00 00 00 00
      01 00 00 00 00 00
02 03 01 00 00 00 00 00
1a 03 01 00 04 00 00 00
1b 03 01 00 04 00 00 00
      01 00 3c 00 00 00
      01 00 00 00 00 00
      01 00 00 00 00 00
      01 00 1e 00 00 00
1c 03 01 00 04 00 00 00
      01 00 01 00 00 00
1f 03 01 00 04 00 00 00
04 03 01 00 01 00 00 00
02 00 e8 09                                        goto rif | addr @ 0x017bd549
02 00 82 01 01 00 00 00 8b 00 00 00

08 03 81 40 81 40 81 40 81 40 81 40 83 94 83 42 81 5b 82 cb 82 a6 82 bf 82 e1 82 f1 81 63 81 40 81 40 81 40 00 00
08 03 81 40 81 40 81 40 81 40 81 40 81 40 8b 83 82 a2 82 c4 82 e9 82 cc 82 a9 81 48 81 40 81 40 81 40 81 40 00 00
    03 00 3c 0a                               merge (0a 03) | addr @ 0x017bd56e
08 03 81 40 81 40 81 40 81 40 81 40 81 40 83 94 83 42 81 5b 8e 6f 82 aa 81 63 81 40 81 40 81 40 81 40 81 40 81 40 00 00
08 03 81 40 81 40 81 40 81 40 81 40 81 40 8b 83 82 a2 82 c4 82 e9 82 cc 81 48 81 40 81 40 81 40 81 40 81 40 81 40 00 00
    03 00 3c 0a                               merge (0a 03) | addr @ 0x017bd57f + 8
>> Ritchie: V.E-nee-chan... \\ Are you crying?              | V.E-nee-chan... \\ Are you crying?
>> Rif:     V.E-sis... \\ Are you crying?                   | V.E-sis... \\ Are you crying?

0a 03 01 00 06 00 00 00
      01 00 01 00 00 00
1a 03 01 00 04 00 00 00
1b 03 01 00 04 00 00 00
      01 00 3c 00 00 00
      01 00 00 00 00 00
      01 00 00 00 00 00
      01 00 1e 00 00 00
1c 03 01 00 04 00 00 00
      01 00 02 00 00 00
1f 03 01 00 04 00 00 00
04 03 01 00 00 00 00 00
01 03 01 00 08 00 00 00
      01 00 00 00 00 00
7d 04 01 00 00 00 00 00
      01 00 6a 00 00 00
7e 04 01 00 00 00 00 00
      01 00 01 00 00 00

08 03 83 49 83 8c 82 aa 8c a9 82 c2 82 af 82 bd 8e 9e 82 cd 00 00
08 03 82 e0 82 a4 8e e8 82 a8 82 ad 82 ea 82 be 82 c1 82 bd 81 63 00 00
08 03 82 b1 82 ea 82 f0 81 41 82 a0 82 f1 82 bd 82 c9 82 c1 82 c4 81 63 00 00
09 03
>> When I found him, it was already too late...             | When I found him
>> This... to you...                                        | it was too late...
>>                                                          | This...to you...

7e 04 01 00 00 00 00 00
      01 00 00 00 00 00
02 03 01 00 00 00 00 00
1b 03 01 00 04 00 00 00
      01 00 3c 00 00 00
      01 00 00 00 00 00
      01 00 00 00 00 00
      01 00 1e 00 00 00
1c 03 01 00 04 00 00 00
      01 00 01 00 00 00
1f 03 01 00 04 00 00 00
7f 04 01 00 d9 00 00 00
80 04 01 00 00 00 00 00
      01 00 01 00 00 00
      01 00 00 00 00 00
      01 00 00 00 00 00
81 04 01 00 01 00 00 00
1b 03 01 00 04 00 00 00
      01 00 3c 00 00 00
      01 00 00 00 00 00
      01 00 00 00 00 00
      01 00 0f 00 00 00
1c 03 01 00 04 00 00 00
      01 00 02 00 00 00
1f 03 01 00 04 00 00 00
0d 04 01 00 1e 00 00 00
1a 03 01 00 04 00 00 00
1b 03 01 00 04 00 00 00
      01 00 3c 00 00 00
      01 00 00 00 00 00
      01 00 00 00 00 00
      01 00 0f 00 00 00
1c 03 01 00 04 00 00 00
      01 00 01 00 00 00
1f 03 01 00 04 00 00 00
7f 04 01 00 db 00 00 00
80 04 01 00 00 00 00 00
      01 00 00 00 00 00
      01 00 00 00 00 00
      01 00 00 00 00 00
0d 04 01 00 1e 00 00 00
1b 03 01 00 04 00 00 00
      01 00 3c 00 00 00
      01 00 00 00 00 00
      01 00 00 00 00 00
      01 00 1e 00 00 00
1c 03 01 00 04 00 00 00
      01 00 02 00 00 00
1f 03 01 00 04 00 00 00
0d 04 01 00 50 00 00 00
1b 03 01 00 04 00 00 00
      01 00 3c 00 00 00
      01 00 00 00 00 00
      01 00 00 00 00 00
      01 00 2d 00 00 00
1c 03 01 00 04 00 00 00
      01 00 01 00 00 00
1f 03 01 00 04 00 00 00
81 04 01 00 00 00 00 00
04 03 01 00 01 00 00 00

08 03 81 40 81 40 81 40 81 40 81 40 81 40 81 40 82 a0 82 ea 82 cd 81 63 81 40 81 40 81 40 81 40 81 40 81 40 81 40 00 00
08 03 81 40 81 40 81 40 81 40 81 40 81 40 83 8d 83 75 90 65 95 fb 82 cc 81 63 81 49 81 40 81 40 81 40 81 40 81 40 00 00
>> That is...                                               | That's...
>> Master Rob's...!                                         | Master Rob's...!

0a 03 01 00 06 00 00 00
      01 00 01 00 00 00
04 03 01 00 00 00 00 00
7f 04 01 00 d0 00 00 00
80 04 01 00 00 00 00 00
      01 00 00 00 00 00
      01 00 00 00 00 00
      01 00 00 00 00 00
81 04 01 00 01 00 00 00
1b 03 01 00 04 00 00 00
      01 00 3c 00 00 00
      01 00 00 00 00 00
      01 00 00 00 00 00
      01 00 1e 00 00 00
1c 03 01 00 04 00 00 00
      01 00 02 00 00 00
1f 03 01 00 04 00 00 00
01 03 01 00 08 00 00 00
      01 00 00 00 00 00
7d 04 01 00 00 00 00 00
      01 00 6c 00 00 00
7e 04 01 00 00 00 00 00
      01 00 01 00 00 00

08 03 82 bb 82 f1 82 c8 81 63 00 00
09 03
>> Impossible...                                            | Impossible...

08 03 83 8d 83 75 82 aa 81 63 00 00
08 03 82 cd 82 ae 82 ea 8f a2 8a ab 8f 62 82 c9 81 63 00 00
09 03
>> Rob was...                                               | Rob was killed...

33 03 01 00 02 00 00 00
      01 00 0f 00 00 00
3d 03 01 00 a2 01 00 00
7e 04 01 00 00 00 00 00
      01 00 00 00 00 00
02 03 01 00 00 00 00 00
81 04 01 00 00 00 00 00
34 03
3b 03 01 00 5a 01 00 00
      01 00 00 00 00 00
      01 00 00 00 00 00
      01 00 00 00 00 00
      01 00 01 00 00 00
      01 00 01 00 00 00
1a 03 01 00 02 00 00 00
1b 03 01 00 02 00 00 00
      01 00 ff ff 00 00
      01 00 ff ff 00 00
      01 00 ff 7f 00 00
      01 00 05 00 00 00
1c 03 01 00 02 00 00 00
      01 00 01 00 00 00
1f 03 01 00 02 00 00 00
0d 04 01 00 03 00 00 00
1a 03 01 00 02 00 00 00
0d 04 01 00 0a 00 00 00
1b 03 01 00 02 00 00 00
      01 00 ff ff 00 00
      01 00 ff ff 00 00
      01 00 ff 7f 00 00
      01 00 03 00 00 00
1c 03 01 00 02 00 00 00
      01 00 01 00 00 00
1f 03 01 00 02 00 00 00
1a 03 01 00 03 00 00 00
1b 03 01 00 03 00 00 00
      01 00 c2 ff 00 00
      01 00 f0 ff 00 00
      01 00 1f 00 00 00
      01 00 01 00 00 00
1c 03 01 00 03 00 00 00
      01 00 01 00 00 00
1f 03 01 00 03 00 00 00
0d 04 01 00 03 00 00 00
1a 03 01 00 02 00 00 00
0b 03 01 00 4e 00 00 00
      01 00 44 00 00 00
      01 00 00 00 00 00
      01 00 00 00 00 00
      01 00 04 00 00 00

82 b1 82 eb 82 b3 82 ea 82 bd 81 63 81 49 00 00
>> killed by a stray summon...!                             | by a stray...!

0c 03
1a 03 01 00 03 00 00 00
1b 03 01 00 03 00 00 00
      01 00 c2 ff 00 00
      01 00 f0 ff 00 00
      01 00 00 00 00 00
      01 00 01 00 00 00
1c 03 01 00 03 00 00 00
      01 00 01 00 00 00
1f 03 01 00 03 00 00 00
0b 03 01 00 3c 00 00 00
      01 00 44 00 00 00
      01 00 01 00 00 00
      01 00 00 00 00 00
      01 00 04 00 00 00

90 65 95 fb 82 9f 81 49 81 49 00 00
>> MAAASTER!!                                               | Maaaster!!

0c 03
3d 04 01 00 00 00 00 00
      01 00 68 00 00 00
      01 00 c0 00 00 00
89 04 01 00 00 00 00 00
      01 00 01 00 00 00
      01 00 08 00 00 00
3e 03 01 00 5a 01 00 00
3b 04 01 00 03 00 00 00
39 04 01 00 03 00 00 00
1a 03 01 00 02 00 00 00
1b 03 01 00 02 00 00 00
      01 00 c2 ff 00 00
      01 00 f0 ff 00 00
      01 00 ff 7f 00 00
      01 00 1e 00 00 00
1c 03 01 00 02 00 00 00
      01 00 01 00 00 00
1f 03 01 00 02 00 00 00
78 04 01 00 01 00 00 00
      01 00 09 00 00 00
79 04 01 00 01 00 00 00
      01 00 00 00 00 00
      01 00 10 00 00 00
7d 04 01 00 01 00 00 00
      01 00 6c 00 00 00
07 00 48 3a                                                 | addr @ 0x017bd70f + 16
07 00 c6 39                                                 | addr @ 0x017bd711 + 2

08 03 82 c8 82 f1 82 be 82 a2 81 41 83 c2 81 48 00 00
    7b 04
09 03
>> What is it, Ritchie?                                     | What is it, Ritchie?

7a 04 01 00 01 00 00 00
      01 00 00 00 00 00
      01 00 01 00 00 00
07 00 02 3a                                                 | addr @ 0x017bd71d + 8
89 04 01 00 00 00 00 00
      01 00 02 00 00 00
      01 00 00 00 00 00
1a 03 01 00 07 00 00 00
1a 03 01 00 06 00 00 00
1a 03 01 00 05 00 00 00
1a 03 01 00 04 00 00 00
1a 03 01 00 03 00 00 00
43 04 01 00 00 00 00 00
      01 00 10 00 00 00
      01 00 00 00 00 00
43 04 01 00 00 00 00 00
      01 00 20 00 00 00
      01 00 00 00 00 00
02 00 0e 11                                        goto rif | addr @ 0x017bd740
02 00 82 01 01 00 00 00 8b 00 00 00
38 04 01 00 04 00 00 00
      01 00 09 00 00 00
      01 00 fb 01 00 00
      01 00 02 00 00 00
03 00 2c 11                                   merge (3a 04) | addr @ 0x017bd755
38 04 01 00 04 00 00 00
      01 00 1d 00 00 00
      01 00 fb 01 00 00
      01 00 02 00 00 00
03 00 2c 11                                   merge (3a 04) | addr @ 0x017bd75a + 17
3a 04 01 00 04 00 00 00
      01 00 04 00 00 00
      01 00 00 00 00 00
3d 04 01 00 04 00 00 00
      01 00 68 00 00 00
      01 00 c0 00 00 00
3e 04 01 00 04 00 00 00
      01 00 00 00 00 00
      01 00 01 00 00 00
3c 04 01 00 02 00 00 00
      01 00 02 00 00 00
1b 03 01 00 02 00 00 00
      01 00 c2 ff 00 00
      01 00 f0 ff 00 00
      01 00 ff 7f 00 00
      01 00 3c 00 00 00
1c 03 01 00 02 00 00 00
      01 00 02 00 00 00
1f 03 01 00 02 00 00 00
1a 03 01 00 02 00 00 00
3e 04 01 00 04 00 00 00
      01 00 01 00 00 00
      01 00 01 00 00 00
3f 04 01 00 04 00 00 00
3b 04 01 00 04 00 00 00
39 04 01 00 04 00 00 00
43 04 01 00 00 00 00 00
      01 00 10 00 00 00
      01 00 01 00 00 00
43 04 01 00 00 00 00 00
      01 00 20 00 00 00
      01 00 01 00 00 00
3c 04 01 00 00 00 00 00
      01 00 02 00 00 00
45 04 01 00 00 00 00 00
      01 00 03 00 00 00
46 04 01 00 00 00 00 00
3c 04 01 00 00 00 00 00
      01 00 04 00 00 00
78 04 01 00 00 00 00 00
      01 00 00 00 00 00
79 04 01 00 00 00 00 00
      01 00 05 00 00 00
      01 00 10 00 00 00
7d 04 01 00 00 00 00 00
      01 00 00 00 00 00
07 00 32 3a                                                 | addr @ 0x017bd7ac + 2
07 00 5a 39                                                 | addr @ 0x017bd7ac + 6

08 03 82 a0 81 63 00 00
08 03 82 a0 82 ea 81 63 81 48 00 00
    7b 04
09 03
>> Ah...                                                    | Ah...
>> Eh...?                                                   | Eh...?

07 00 ae 39                                                 | addr @ 0x017bd7ba
31 03 01 00 1f 00 00 00
      01 00 00 01 00 00
79 04 01 00 01 00 00 00
      01 00 04 00 00 00
      01 00 0c 00 00 00
07 00 48 3a                                                 | addr @ 0x017bd7c9 + 2
07 00 e4 39                                                 | addr @ 0x017bd7cb

08 03 82 a2 82 c2 82 dc 82 c5 82 bd 82 c1 82 c4 82 e0 8b 41 82 c1 82 c4 82 b1 82 c8 82 a2 82 c6 00 00
08 03 8e 76 82 c1 82 bd 82 e7 00 00
08 03 82 a8 8b 43 82 c9 93 fc 82 e8 82 cc 8f ea 8f 8a 82 c5 82 a8 92 8b 90 51 82 c6 82 cd 81 63 00 00
    7b 04
09 03
>> After all this time, I was thinking you                  | I thought you'd be here
>> wouldn't be coming home. So I thought you'd              | napping at your favourite place
>> be napping at your favorite place.

79 04 01 00 00 00 00 00
      01 00 04 00 00 00
      01 00 0c 00 00 00
79 04 01 00 01 00 00 00
      01 00 00 00 00 00
      01 00 0c 00 00 00

08 03 82 a2 82 a2 8b 43 82 c8 82 e0 82 f1 82 be 82 cb 82 a5 81 63 00 00
09 03
>> It feels good, doesn't it?                               | It feels good, doesn't it?

07 00 1a 3a                                                 | addr @ 0x017bd824 + 8
07 00 78 39                                                 | addr @ 0x017bd828
79 04 01 00 00 00 00 00
      01 00 01 00 00 00
      01 00 0d 00 00 00
79 04 01 00 01 00 00 00
      01 00 00 00 00 00
      01 00 0e 00 00 00
02 00 c0 13                                        goto rif | addr @ 0x017bd835
02 00 82 01 01 00 00 00 8b 00 00 00

08 03 82 e2 82 c1 82 cf 81 41 82 d0 82 e9 82 cb 82 f0 82 b7 82 e9 82 c9 82 cd 00 00
08 03 82 b1 82 b1 82 c9 8c c0 82 e9 82 cb 81 63 00 00
    03 00 f2 13                               merge (79 04) | addr @ 0x017bd85d
08 03 82 e2 82 c1 82 cf 81 41 82 a8 82 d0 82 e9 82 cb 82 b7 82 e9 82 c9 82 cd 00 00
08 03 82 b1 82 b1 82 c9 8c c0 82 e9 82 ed 81 63 00 00
    03 00 f2 13                               merge (79 04) | addr @ 0x017bd86a + 6
09 03
>> Ritchie: Yup, if you have to nap, it has to be here!     | Yup, if you have to nap,
>>                                                          | it has to be here!
>> Rif:     ?                                               | Yup, if you have to nap,
>>                                                          | it has to be here!

79 04 01 00 00 00 00 00
      01 00 08 00 00 00
      01 00 11 00 00 00

08 03 82 b6 82 e1 82 c8 82 ad 82 c4 81 49 00 00
08 03 82 a0 82 cc 81 63 82 b1 82 ea 82 cd 81 63 00 00
09 03
>> or not!                                                  | Or not!
>> Uh... This is...                                         | Uh...This is...

07 00 ae 39                                                 | addr @ 0x017bd886 + 4
07 00 e4 39                                                 | addr @ 0x017bd889 + 2
79 04 01 00 01 00 00 00
      01 00 04 00 00 00
      01 00 0c 00 00 00

08 03 82 c7 82 a4 82 b9 82 dc 82 bd 81 41 82 a2 82 c2 82 e0 82 dd 82 bd 82 a2 82 c9 00 00
08 03 92 b2 8e 71 82 cc 82 a2 82 a2 83 7d 83 93 83 4b 82 dd 82 bd 82 a2 82 c8 96 b2 00 00
08 03 82 dd 82 c4 82 bd 82 f1 82 be 82 eb 81 48 00 00
09 03
>> Probably, you saw the same usual                         | You saw
>> surreal dream again, didn't you?                         | that surreal dream again,
>>                                                          | didn't you?

79 04 01 00 00 00 00 00
      01 00 00 00 00 00
      01 00 10 00 00 00
79 04 01 00 01 00 00 00
      01 00 01 00 00 00
      01 00 0d 00 00 00

08 03 82 b1 82 cc 83 41 83 5e 83 56
      82 f0 82 e2 82 c1 82 c2 82 af
      82 e9 82 c6 82 a9 82 cb 81 48 00 00
    09 03
>> To win against me?                                       | To win against me?

07 00 1a 3a                                                 | addr @ 0x017bd8e2 + 2
07 00 78 39                                                 | addr @ 0x017bd8e2 + 6
79 04 01 00 00 00 00 00
      01 00 05 00 00 00
      01 00 11 00 00 00
02 00 5a 15                                        goto rif | addr @ 0x017bd8ea
02 00 82 01 01 00 00 00 8b 00 00 00

08 03 82 a4 82 c1 82 ed 81 49 81 48 81 40 82 b7 82 c1 82 b0 82 a5 81 49 00 00
08 03 82 c8 82 f1 82 c5 82 ed 82 a9 82 c1 82 bd 82 cc 82 b3 00 00
08 03 83 94 83 42 81 5b 82 cb 82 a6 82 bf 82 e1 82 f1 81 48 00 00
    03 00 9e 15                               merge (07 00) | addr @ 0x017bd916
08 03 82 a4 82 c1 82 ed 81 49 81 48 81 40 82 b7 82 b2 82 a7 82 a2 81 49 00 00
08 03 82 c7 82 a4 82 b5 82 c4 82 ed 82 a9 82 c1 82 bd 82 cc 81 48 00 00
08 03 83 94 83 42 81 5b 8e 6f 81 48 00 00
    03 00 9e 15                               merge (07 00) | addr @ 0x017bd92d + 6
09 03
>> Ritchie: Uwah!? Incredible!                              | Uwah!? Incredible!
>>          How did you know                                | How did you know
>>          V.E nee-chan?                                   | V.E, nee-chan?
>> Rif:     ?                                               | Uwah!? Incredible!
>>                                                          | How did you know
>>                                                          | V.E, sis?

07 00 b4 3a                                                 | addr @ 0x017bd932
07 00 96 39                                                 | addr @ 0x017bd933 + 3
7b 04
6d 04 01 00 02 00 00 00
      01 00 c0 00 00 00
3e 04 01 00 02 00 00 00
      01 00 06 00 00 00
      01 00 00 00 00 00
40 04 01 00 02 00 00 00
      02 00 c0 00 01 00 18 00 86 00 00 00
      02 00 c1 00 00 00
      01 00 01 00 00 00
41 04 01 00 02 00 00 00
3e 04 01 00 02 00 00 00
      01 00 03 00 00 00
      01 00 00 00 00 00
43 04 01 00 02 00 00 00
      01 00 10 00 00 00
      01 00 00 00 00 00
43 04 01 00 02 00 00 00
      01 00 20 00 00 00
      01 00 00 00 00 00
6d 04 01 00 02 00 00 00
      01 00 c0 00 00 00
38 04 01 00 05 00 00 00
      01 00 a3 00 00 00
      01 00 40 02 00 00
      01 00 02 00 00 00
3a 04 01 00 05 00 00 00
      01 00 05 00 00 00
      01 00 00 00 00 00
3d 04 01 00 05 00 00 00
      02 00 c0 00 01 00 01 00 85 00 00 00
      02 00 c1 00 00 00
3e 04 01 00 05 00 00 00
      01 00 00 00 00 00
      01 00 01 00 00 00
0d 04 01 00 10 00 00 00
3a 03 01 00 99 00 00 00
      01 00 00 00 00 00
      01 00 02 00 c8 00
      01 00 ff 7f 00 00
      01 00 02 00 c9 00
      01 00 02 00 00 00
07 00 d6 33                                                 | addr @ 0x017bd9a1
43 04 01 00 00 00 00 00
      01 00 10 00 00 00
      01 00 00 00 00 00
43 04 01 00 00 00 00 00
      01 00 20 00 00 00
      01 00 00 00 00 00
6d 04 01 00 00 00 00 00
      01 00 c0 00 00 00
02 00 30 17                                        goto rif | addr @ 0x017bd9b0
02 00 82 01 01 00 00 00 8b 00 00 00
38 04 01 00 04 00 00 00
      01 00 02 00 00 00
      01 00 f3 01 00 00
      01 00 02 00 00 00
03 00 4e 17                                   merge (3e 04) | addr @ 0x017bd9ba
38 04 01 00 04 00 00 00
      01 00 16 00 00 00
      01 00 f3 01 00 00
      01 00 02 00 00 00
03 00 4e 17                                   merge (3e 04) | addr @ 0x017bd9c0 + 17
3a 04 01 00 04 00 00 00
      01 00 04 00 00 00
      01 00 02 00 00 00
3e 04 01 00 04 00 00 00
      01 00 00 00 00 00
      01 00 00 00 00 00
3d 04 01 00 04 00 00 00
      02 00 c0 00 00 00
      02 00 c1 00 00 00
43 04 01 00 04 00 00 00
      01 00 00 01 00 00
      01 00 00 00 00 00
43 04 01 00 04 00 00 00
      01 00 40 00 00 00
      01 00 01 00 00 00
07 00 16 34                                                 | addr @ 0x017bd9dc
3e 03 01 00 99 00 00 00
3f 04 01 00 05 00 00 00
43 04 01 00 02 00 00 00
      01 00 10 00 00 00
      01 00 01 00 00 00
43 04 01 00 02 00 00 00
      01 00 20 00 00 00
      01 00 01 00 00 00
3b 04 01 00 05 00 00 00
39 04 01 00 05 00 00 00
45 04 01 00 04 00 00 00
      01 00 09 00 00 00
46 04 01 00 04 00 00 00
79 04 01 00 00 00 00 00
      01 00 02 00 00 00
      01 00 11 00 00 00
79 04 01 00 01 00 00 00
      01 00 02 00 00 00
      01 00 0e 00 00 00
07 00 5e 3a                                                 | addr @ 0x017bda0e
07 00 5a 39                                                 | addr @ 0x017bda0f + 3
02 00 7a 18                                        goto rif | addr @ 0x017bda13
02 00 82 01 01 00 00 00 8b 00 00 00

08 03 81 63 82 c1 82 c4 81 5b 82 c8 81 49 00 00
08 03 82 c8 82 c9 82 b7 82 f1 82 be 82 e6 81 49 00 00
    03 00 aa 18                               merge (7b 04) | addr @ 0x017bda2b
08 03 81 63 82 c1 82 bd 82 9f 82 a2 81 49 00 00
08 03 82 d0 82 c7 82 a2 82 e6 81 49 00 00
08 03 82 c7 82 a4 82 b5 82 c4 81 48 00 00
    03 00 aa 18                               merge (7b 04) | addr @ 0x017bda40
    7b 04
09 03
>> Ritchie: ...Ouch!                                        | ...Ouch!
>>          What was that for?!                             | What was that for?!
>> Rif:     ?                                               | ...Ouch!
>>                                                          | What was that for?!

07 00 ae 39                                                 | addr @ 0x017bda42 + 6
07 00 e4 39                                                 | addr @ 0x017bda44 + 2
79 04 01 00 01 00 00 00
      01 00 02 00 00 00
      01 00 0f 00 00 00
02 00 32 19                                        goto rif | addr @ 0x017bda4a
02 00 82 01 01 00 00 00 8b 00 00 00

08 03 92 4e 82 aa 82 cb 82 a6 82 bf 82 e1 82 f1 82 be 82 e6 81 41 83 5f 83 8c 82 aa 81 49 81 48 00 00
08 03 90 65 95 fb 82 c1 82 c4 8c c4 82 d7 82 c1 82 c4 8c be 82 c1 82 c4 82 e9 82 be 82 eb 81 48 00 00
08 03 83 94 83 42 81 5b 90 65 95 fb 81 49 00 00
    03 00 88 19                               merge (07 00) | addr @ 0x017bda79
08 03 92 4e 82 aa 83 94 83 42 81 5b 8e 6f 82 be 82 e6 81 41 83 5f 83 8c 82 aa 81 49 81 48 00 00
08 03 90 65 95 fb 82 c1 82 c4 8c c4 82 d7 82 c1 82 c4 8c be 82 c1 82 c4 82 e9 82 be 82 eb 81 48 00 00
08 03 83 94 83 42 81 5b 90 65 95 fb 81 49 00 00
    03 00 88 19                               merge (07 00) | addr @ 0x017bda86 + 15
09 03
>> V.E (M): Who exactly is your nee-chan, who!?             | Who is your nee-chan!?
>>          I've told you to call me Master, didn't I?      | I told you to call me Master, no?
>>          Master V.E!                                     | Master V.E!
>> V.E (F): ?                                               | Who is your sis!?
>>                                                          | I told you to call me Master, no?
>>                                                          | Master V.E!

07 00 1a 3a                                                 | addr @ 0x017bda88 + 4
07 00 78 39                                                 | addr @ 0x017bda88 + 8
79 04 01 00 00 00 00 00
      01 00 04 00 00 00
      01 00 0e 00 00 00
02 00 f0 19                                        goto rif | addr @ 0x017bda8e
02 00 82 01 01 00 00 00 8b 00 00 00

08 03 88 ab 82 a9 82 c1 82 bd 82 e6 81 41 90 65 95 fb 81 49 00 00
08 03 83 60 83 87 83 62 83 67 82 dc 82 bf 82 aa 82 a6 82 bd 82 be 82 af 82 be 82 eb 81 49 00 00
    03 00 38 1a                               merge (07 00) | addr @ 0x017bdab4
08 03 88 ab 82 a9 82 c1 82 bd 82 ed 82 e6 81 41 90 65 95 fb 81 49 00 00
08 03 82 c5 82 e0 83 60 83 87 83 62 83 67 00 00
08 03 82 dc 82 bf 82 aa 82 a6 82 bd 82 be 82 af 82 b6 82 e1 82 c8 82 a2 81 49 00 00
    03 00 38 1a                               merge (07 00) | addr @ 0x017bdaca + 2
09 03
>> Ritchie: Okay, I was wrong, Master!                      | OK, Master, I was wrong!
>>          I only made a little mistake, didn't I?         | It was only a little mistake!
>> Rif:     ?                                               | OK, Master, I was wrong!
>>                                                          | It was only a little mistake!

07 00 ae 39                                                 | addr @ 0x017bdacc + 4
07 00 e4 39                                                 | addr @ 0x017bdacc + 8
79 04 01 00 01 00 00 00
      01 00 02 00 00 00
      01 00 11 00 00 00

08 03 82 c8 82 c9 82 aa 83 60 83 87 83 62 83 67 82 be 82 e6 81 49 00 00
08 03 83 41 83 93 83 5e 81 41 82 dc 82 be 83 41 83 5e 83 56 82 f0 90 65 95 fb 82 c6 82 b5 82 c4 00 00
08 03 82 dd 82 c6 82 df 82 c4 82 c8 82 a2 82 c2 82 e0 82 e8 82 a9 82 a2 81 48 00 00
09 03
>> What do you mean "a little"?                             | A little mistake!
>> Are you saying you still don't recognize                 | Are you saying that you still
>> me as your Master?                                       | fail to recognise me as Master?

79 04 01 00 01 00 00 00
      01 00 04 00 00 00
      01 00 0f 00 00 00

08 03 83 41 83 93 83 5e 82 e0 83 41 83 5e 83 56 82 aa 8f a2 8a ab 8f 62 82 be 82 a9 82 e7 82 c1 82 c4 00 00
08 03 8c be 82 a4 82 b1 82 c6 82 ab 82 af 82 c8 82 a2 82 c6 82 c5 82 e0 00 00
08 03 8c be 82 a4 82 c2 82 e0 82 e8 82 a9 82 a2 81 49 81 48 00 00
09 03
>> Are you also saying that because                         | Are you also saying that
>> I'm a summoned creature,                                 | because I'm a summoned creature
>> you're not going to listen to me!?                       | you're not going to listen to me!?

07 00 1a 3a                                                 | addr @ 0x017bdb2a + 4
07 00 78 39                                                 | addr @ 0x017bdb2a + 8
79 04 01 00 00 00 00 00
      01 00 05 00 00 00
      01 00 11 00 00 00
02 00 66 1b                                        goto rif | addr @ 0x017bdb2e
02 00 82 01 01 00 00 00 8b 00 00 00

08 03 82 bb 81 41 82 bb 82 f1 82 c8 82 b1 82 c6 82 c8 82 a2 82 c1 82 c4 81 63 81 49 00 00
    03 00 86 1b                               merge (07 00) | addr @ 0x017bdb42
08 03 82 bb 81 41 82 bb 82 f1 82 c8 82 b1 82 c6 82 c8 82 a2 82 e6 81 63 81 49 00 00
    03 00 86 1b                               merge (07 00) | addr @ 0x017bdb49 + 7
09 03
>> Ritchie: I... I didn't mean that...!                     | I...I didn't mean that...!
>> Rif:     ?                                               | I...I didn't mean that...!

07 00 ae 39                                                 | addr @ 0x017bdb4b + 4
07 00 e4 39                                                 | addr @ 0x017bdb4b + 8
79 04 01 00 01 00 00 00
      01 00 04 00 00 00
      01 00 0d 00 00 00

08 03 82 bb 82 a4 82 be 82 eb 82 a4 81 48 00 00
08 03 82 c8 82 f1 82 c4 82 c1 82 bd 82 c1 82 c4 82 b1 82 cc 83 41 83 5e 83 56 82 cd 00 00
08 03 82 e6 82 ad 82 e2 82 c1 82 c4 82 e9 82 a9 82 e7 82 cb 82 a5 00 00
09 03
>> Is that so?                                              | Is that so?
>> No matter what you're saying,                            | I'm doing quite a good job
>> I am doing quite a good job, am I not?                   | am I not?

07 00 1a 3a                                                 | addr @ 0x017bdb73 + 6
3b 04 01 00 04 00 00 00
39 04 01 00 04 00 00 00
43 04 01 00 00 00 00 00
      01 00 10 00 00 00
      01 00 01 00 00 00
43 04 01 00 00 00 00 00
      01 00 20 00 00 00
      01 00 01 00 00 00
07 00 78 39                                                 | addr @ 0x017bdb7d
79 04 01 00 00 00 00 00
      01 00 01 00 00 00
      01 00 10 00 00 00

08 03 82 bb 81 41 82 bb 82 a4 82 bb 82 a4 00 00
09 03
>> Th... That's right, that's right.                        | Y...Yes

07 00 ae 39                                                 | addr @ 0x017bdb87 + 6
07 00 e4 39                                                 | addr @ 0x017bdb87 + 10
79 04 01 00 01 00 00 00
      01 00 02 00 00 00
      01 00 10 00 00 00

08 03 83 41 83 5e 83 56 82 cc 8d b0 82 cc 83 8d 83 62 83 4e 82 c5 00 00
08 03 91 53 90 a2 8a 45 82 f0 83 56 83 72 82 ea 82 b3 82 b9 82 c4 82 e2 82 eb 82 a4 82 c1 82 c4 00 00
08 03 89 c6 82 f0 8f 6f 82 c4 82 b7 82 ae 82 be 82 c1 82 c4 82 a2 82 a4 82 cc 82 c9 00 00
09 03
>> Even though I said after                                 | Even though, leaving home, I said
>> leaving home that I will shock                           | I'll shock the world with
>> the whole world with my Spirit of Rock.                  | my Spirit of Rock

79 04 01 00 00 00 00 00
      01 00 00 00 00 00
      01 00 10 00 00 00
79 04 01 00 01 00 00 00
      01 00 02 00 00 00
      01 00 0e 00 00 00

08 03 82 b1 82 cc 83 8a 83 42 83 93 83 6f 83 45 83 80 82 c6 82 a9 82 a2 82 a4 90 a2 8a 45 82 c9 00 00
08 03 92 62 96 e8 8e 74 82 cc 91 8a 95 fb 82 c6 82 b5 82 c4 8f a2 8a ab 82 b3 82 ea 82 bd 82 f1 82 be 82 e6 00 00
08 03 92 62 96 e8 82 c8 82 f1 82 c4 82 e2 82 c1 82 bd 82 b1 82 c6 82 e0 82 c8 82 a2 82 cc 82 c9 82 cb 81 49 00 00
09 03
>> I've been summoned to the world of Riinbaum to be a      | I've been summoned to Lyndbaum to
>> Kajishi's partner despite the fact that I've never       | be a Kajishi's partner
>> done anything related to smithing!                       | despite never doing any smithing!

79 04 01 00 01 00 00 00
      01 00 04 00 00 00
      01 00 0e 00 00 00
79 04 01 00 00 00 00 00
      01 00 04 00 00 00
      01 00 0e 00 00 00

08 03 82 b1 82 cc 91 ba 82 c9 97 ac 82 ea 82 c2 82 ad 82 dc 82 c5 90 46 81 58 82 a0 82 c1 82 bd 82 af 82 c7 00 00
08 03 91 8a 8e e8 82 aa 83 8d 83 75 82 be 82 c1 82 bd 82 a9 82 e7 00 00
08 03 8d a1 82 dc 82 c5 82 c8 82 f1 82 c6 82 a9 82 e2 82 c1 82 c4 82 b1 82 ea 82 bd 82 f1 82 be 00 00
09 03
>> In this village where I've ended up in, many things      | Here, much has happened but
>> had happenned but because my partner was Rob, I was      | because my partner was Rob,
>> somehow able to manage through it.                       | I was able to manage through it

79 04 01 00 01 00 00 00
      01 00 0a 00 00 00
      01 00 10 00 00 00

08 03 82 bb 82 ea 82 c8 82 cc 82 c9 81 63 00 00
08 03 83 8d 83 75 82 cd 8e 80 82 f1 82 b6 82 e1 82 c1 82 c4 81 63 00 00
09 03
>> But despite that...                                      | But despite that...
>> Rob died...                                              | Rob died...

07 00 1a 3a                                                 | addr @ 0x017bdc6d + 6
07 00 78 39                                                 | addr @ 0x017bdc6d + 10
79 04 01 00 00 00 00 00
      01 00 04 00 00 00
      01 00 10 00 00 00

08 03 90 65 95 fb 81 63 00 00
09 03
>> Master...

07 00 ae 39                                                 | addr @ 0x017bdc75 + 7
07 00 e4 39                                                 | addr @ 0x017bdc75 + 11
79 04 01 00 01 00 00 00
      01 00 0a 00 00 00
      01 00 0c 00 00 00

08 03 83 8d 83 75 82 aa 8e 80 82 f1 82 c5 82 a9 82 e7 82 b8 82 c1 82 c6 00 00
08 03 83 8d 83 75 82 cc 82 a9 82 ed 82 e8 82 c9 83 41 83 93 83 5e 82 cc 90 65 95 fb 82 c6 82 b5 82 c4 00 00
08 03 82 aa 82 f1 82 ce 82 c1 82 c4 82 ab 82 bd 82 c2 82 e0 82 e8 82 be 82 c1 82 bd 82 cc 82 c9 81 63 00 00
09 03
>> Ever since Rob died, I have been                         | Since Rob died
>> your Master in Rob's stead...                            | I've been your master...
>> But even though I did my best...                         | But even though I'm doing my best...

79 04 01 00 01 00 00 00
      01 00 0a 00 00 00
      01 00 0e 00 00 00

08 03 83 71 83 68 83 43 82 e6 82 cb 81 63 00 00
08 03 8e 71 8b 9f 82 cd 83 55 83 93 83 52 83 4e 82 e6 82 cb 81 63 00 00
08 03 83 8d 83 75 81 63 81 49 00 00
09 03
>> How cruel...                                             | How cruel...
>> Children are so cruel...                                 | Kids are so cruel...
>> Rob...!                                                  | Rob...!

7e 04 01 00 01 00 00 00
      01 00 00 00 00 00
7a 04 01 00 00 00 00 00
      01 00 00 00 00 00
      01 00 01 00 00 00
7a 04 01 00 01 00 00 00
      01 00 00 00 00 00
      01 00 01 00 00 00
02 03 01 00 05 00 00 00
33 03 01 00 02 00 00 00
      01 00 1e 00 00 00
43 04 01 00 02 00 00 00
      01 00 10 00 00 00
      01 00 00 00 00 00
43 04 01 00 02 00 00 00
      01 00 20 00 00 00
      01 00 00 00 00 00
6d 04 01 00 02 00 00 00
      01 00 c0 00 00 00
38 04 01 00 05 00 00 00
      01 00 a4 00 00 00
      01 00 41 02 00 00
      01 00 02 00 00 00
3a 04 01 00 05 00 00 00
      01 00 05 00 00 00
      01 00 00 00 00 00
3d 04 01 00 05 00 00 00
      02 00 c0 00 00 00
      02 00 c1 00 00 00
3e 04 01 00 05 00 00 00
      01 00 00 00 00 00
      01 00 01 00 00 00
1a 03 01 00 07 00 00 00
1b 03 01 00 07 00 00 00
      01 00 ff ff 00 00
      01 00 ff ff 00 00
      01 00 ff 5e 00 00
      01 00 2d 00 00 00
1c 03 01 00 07 00 00 00
      01 00 01 00 00 00
0d 04 01 00 0a 00 00 00
3a 03 01 00 7c 01 00 00
      01 00 00 00 00 00
1f 03 01 00 07 00 00 00
3b 04 01 00 05 00 00 00
39 04 01 00 05 00 00 00
6d 04 01 00 02 00 00 00
      01 00 c0 00 00 00
38 04 01 00 05 00 00 00
      01 00 a5 00 00 00
      01 00 42 02 00 00
      01 00 02 00 00 00
3a 04 01 00 05 00 00 00
      01 00 05 00 00 00
      01 00 00 00 00 00
3d 04 01 00 05 00 00 00
      02 00 c0 00 00 00
      02 00 c1 00 00 00
3e 04 01 00 05 00 00 00
      01 00 00 00 00 00
      01 00 00 00 00 00
0d 04 01 00 0a 00 00 00
34 03
31 03 01 00 1d 00 00 00
      01 00 00 01 00 00
1b 03 01 00 07 00 00 00
      01 00 ff ff 00 00
      01 00 ff ff 00 00
      01 00 ff 5e 00 00
      01 00 1e 00 00 00
1c 03 01 00 07 00 00 00
      01 00 02 00 00 00
1f 03 01 00 07 00 00 00
1a 03 01 00 07 00 00 00
0d 04 01 00 0a 00 00 00
3e 03 01 00 7c 01 00 00
7d 04 01 00 01 00 00 00
      01 00 75 00 00 00
78 04 01 00 01 00 00 00
      01 00 1b 00 00 00
79 04 01 00 01 00 00 00
      01 00 04 00 00 00
      01 00 10 00 00 00
7a 04 01 00 01 00 00 00
      01 00 01 00 00 00
      01 00 01 00 00 00
01 03 01 00 04 00 00 00
      01 00 05 00 00 00
7e 04 01 00 01 00 00 00
      01 00 01 00 00 00
79 04 01 00 00 00 00 00
      01 00 04 00 00 00
      01 00 10 00 00 00

08 03 82 c5 82 e0 96 7b 93 96 82 cd 82 ed 82 bd 82 b5 82 e0 00 00
08 03 82 a0 82 c8 82 bd 82 cc 82 b1 82 c6 82 aa 96 59 82 ea 82 e7 82 ea 82 c8 82 a2 82 cc 00 00
08 03 83 8d 83 75 81 63 00 00
09 03
>> But the truth is that I also                             | But the truth is
>> haven't forgotten you, Rob...                            | I too haven't forgotten you
>>                                                          | Rob...

79 04 01 00 01 00 00 00
      01 00 04 00 00 00
      01 00 0f 00 00 00

08 03 82 a2 82 a2 82 a6 00 00
08 03 96 59 82 ea 82 e9 83 52 83 67 82 c8 82 f1 82 c4 00 00
08 03 82 c5 82 ab 82 c1 82 b1 82 c8 82 a2 82 ed 81 49 00 00
09 03
>> No, It's something I can't forget!                       | No,
>>                                                          | That's something I can't forget

79 04 01 00 01 00 00 00
      01 00 00 00 00 00
      01 00 0c 00 00 00

08 03 82 be 82 c1 82 c4 82 a0 82 c8 82 bd 82 cd 82 ed 82 bd 82 b5 82 cc 81 63 00 00
08 03 82 ed 82 bd 82 b5 82 cc 81 63 81 49 00 00
09 03
>> Because you are my...                                    | because you are my...
>> my...!                                                   | my...

07 00 1a 3a                                                 | addr @ 0x017bddc8 + 2
79 04 01 00 00 00 00 00
      01 00 04 00 00 00
      01 00 0c 00 00 00
7a 04 01 00 00 00 00 00
      01 00 01 00 00 00
      01 00 01 00 00 00
7e 04 01 00 00 00 00 00
      01 00 01 00 00 00
07 00 78 39                                                 | addr @ 0x017bddd5 + 2
02 00 f4 22                                        goto rif | addr @ 0x017bddda
02 00 82 01 01 00 00 00 8b 00 00 00

08 03 82 dc 82 bd 90 65 95 fb 82 cc 83 82 81 5b 83 5c 81 5b 82 aa 82 cd 82 b6 82 dc 82 c1 82 bd 82 e6 00 00
08 03 8d a1 82 cc 82 a4 82 bf 82 c9 8b 41 82 eb 82 c1 82 a9 82 c8 81 41 83 49 83 8c 00 00
    03 00 44 23                               merge (07 00) | addr @ 0x017bde0e
08 03 82 dc 82 bd 90 65 95 fb 82 cc 83 82 81 5b 83 5c 81 5b 82 aa 00 00
08 03 82 cd 82 b6 82 dc 82 c1 82 bf 82 e1 82 c1 82 bd 00 00
08 03 8d a1 82 cc 82 a4 82 bf 82 c9 8b 41 82 eb 82 c1 82 a9 82 c8 81 41 82 ed 82 bd 82 b5 00 00
    03 00 44 23                               merge (07 00) | addr @ 0x017bde23 + 4
09 03
>> Ritchie: また親方のモ - ソ - がはじまったよ
>>          今のうちに帰ろっかな, オレ
>> Rif:     また親方のモ - ソ - が
>>          はじまっちゃった
>>          今のうちに帰ろっかな, わたし
>> Ritchie: Master's delusions have started again.          | Master's delusions started again
>>          Maybe I should just go home...                  | Maybe I should go home...
>> Rif:     ?                                               | Master's delusions started again
>>                                                          | Maybe I should go home...

07 00 ae 39                                                 | addr @ 0x017bde25 + 4
7b 04
78 04 01 00 01 00 00 00
      01 00 09 00 00 00
7d 04 01 00 01 00 00 00
      01 00 6c 00 00 00
79 04 01 00 01 00 00 00
      01 00 00 00 00 00
      01 00 10 00 00 00
3b 04 01 00 05 00 00 00
39 04 01 00 05 00 00 00
43 04 01 00 02 00 00 00
      01 00 10 00 00 00
      01 00 01 00 00 00
43 04 01 00 02 00 00 00
      01 00 20 00 00 00
      01 00 01 00 00 00
32 03
07 00 e4 39                                                 | addr @ 0x017bde41
0b 03 01 00 60 00 00 00
      01 00 74 00 00 00
      01 00 01 00 00 00
      01 00 00 00 00 00
      01 00 00 00 00 00

82 c5 81 41 00 00
>> And?

0c 03
07 00 1a 3a                                                 | addr @ 0x017bde57 + 3
07 00 78 39                                                 | addr @ 0x017bde57 + 7
79 04 01 00 00 00 00 00
      01 00 05 00 00 00
      01 00 0c 00 00 00
0b 03 01 00 60 00 00 00
      01 00 74 00 00 00
      01 00 01 00 00 00
      01 00 00 00 00 00
      01 00 00 00 00 00

82 cd 82 a2 00 00
>> Yes?

0c 03
07 00 ae 39                                                 | addr @ 0x017bde67
6e 04 01 00 0d 00 00 00
      01 00 00 01 00 00
      01 00 02 00 00 00
07 00 e4 39                                                 | addr @ 0x017bde73
79 04 01 00 01 00 00 00
      01 00 00 00 00 00
      01 00 0c 00 00 00

08 03 91 ba 92 b7 82 cc 82 c6 82 b1 82 d6 82 cd 00 00
08 03 82 bf 82 e1 82 f1 82 c6 8d 73 82 c1 82 bd 82 cc 82 a9 82 a2 81 48 00 00
09 03
>> Did you go to the Chief's place?                         | Did you go to
>>                                                          | the Chief?

07 00 1a 3a                                                 | addr @ 0x017bde8e + 2
07 00 78 39                                                 | addr @ 0x017bde8e + 6
79 04 01 00 00 00 00 00
      01 00 00 00 00 00
      01 00 0d 00 00 00
02 00 06 25                                        goto rif | addr @ 0x017bde97
02 00 82 01 01 00 00 00 8b 00 00 00

08 03 8f 43 97 9d 82 b5 82 bd 8c 95 82 cd 82 bf 82 e1 82 f1 82 c6 95 d4 82 b5 82 bd 82 e6 81 49 00 00
08 03 82 a8 8b e0 82 be 82 c1 82 c4 81 41 82 d9 82 e7 81 49 00 00
08 03 94 83 82 a2 95 a8 82 be 82 c1 82 c4 82 bf 82 e1 82 f1 82 c6 81 49 00 00
    03 00 5e 25                               merge (07 00) | addr @ 0x017bdeca
08 03 8f 43 97 9d 82 b5 82 bd 8c 95 82 cd 82 bf 82 e1 82 f1 82 c6 95 d4 82 b5 82 bd 82 e6 81 49 00 00
08 03 82 a8 8b e0 82 be 82 c1 82 c4 81 41 82 d9 82 e7 81 49 00 00
08 03 82 a8 94 83 82 a2 95 a8 82 be 82 c1 82 c4 82 bf 82 e1 82 f1 82 c6 81 49 00 00
    03 00 5e 25                               merge (07 00) | addr @ 0x017bded7 + 8
09 03
>> Ritchie: I've returned the repaired sword properly!      | I've returned the repaired sword!
>>          Even the money is here, see?                    | Even the money is here!
>>          I've also done the shopping!                    | I've also done the shopping!
>> Rif:     ?                                               | I've returned the repaired sword!
>>                                                          | Even the money is here!
>>                                                          | I've also done the shopping!

07 00 ae 39                                                 | addr @ 0x017bded9 + 4
07 00 e4 39                                                 | addr @ 0x017bded9 + 8
79 04 01 00 01 00 00 00
      01 00 01 00 00 00
      01 00 0c 00 00 00

08 03 82 a8 81 5b 82 b2 8b ea 98 4a 82 b2 8b ea 98 4a 00 00
08 03 82 b1 82 ea 82 c5 8a f1 82 e8 93 b9 82 c6 8b 8f 96 b0 82 e8 82 b5 82 c4 82 c8 82 af 82 ea 82 ce 00 00
08 03 83 4a 83 93 83 79 83 4c 82 be 82 c1 82 bd 82 cc 82 c9 82 cb 82 a5 81 63 00 00
09 03
>> Oh! Good job, good job.                                  | Oh! Good job, good job.
>> So you thought it was perfect to drop here for a nap, eh?| So you thought it perfect to drop in
>>                                                          | here for a nap, eh?

07 00 1a 3a                                                 | addr @ 0x017bdf16 + 8
07 00 78 39                                                 | addr @ 0x017bdf16 + 12
79 04 01 00 00 00 00 00
      01 00 01 00 00 00
      01 00 10 00 00 00
02 00 4c 26                                        goto rif | addr @ 0x017bdf1c
02 00 82 01 01 00 00 00 8b 00 00 00

08 03 82 a0 82 cd 82 cd 81 63 00 00
08 03 82 a2 82 e2 81 5b 81 41 82 d0 82 c6 8e 64 8e 96 82 a8 82 ed 82 c1 82 bd 82 f1 82 c5 00 00
08 03 82 bf 82 e5 82 c1 82 c6 82 d0 82 c6 8b 78 82 dd 82 b5 82 e6 82 a4 82 c6 81 63 00 00
    03 00 a0 26                                             | addr @ 0x017bdf56
08 03 82 a0 82 cd 82 cd 81 63 00 00
08 03 82 a2 82 e2 81 5b 81 41 82 d0 82 c6 8e 64 8e 96 82 a8 82 ed 82 c1 82 bd 82 f1 82 c5 00 00
08 03 82 bf 82 e5 82 c1 82 c6 82 d0 82 c6 8b 78 82 dd 82 b5 82 e6 82 c1 82 a9 82 c8 82 c1 82 c4 81 63 00 00
    03 00 a0 26                                             | addr @ 0x017bdf65 + 2
09 03
>> Ritchie: Ahaha...                                        | Ahaha...
>>          Well, when one's work is finished,              | Well, after the work is finished,
>>          one should rest a little...                     | one should rest a little
>> Rif:     ?                                               | Ahaha...
>>                                                          | Well, after the work is finished,
>>                                                          | one should rest a little

07 00 ae 39                                                 | addr @ 0x017bdf67 + 4
07 00 e4 39                                                 | addr @ 0x017bdf67 + 8
79 04 01 00 01 00 00 00
      01 00 04 00 00 00
      01 00 0e 00 00 00

08 03 82 bb 82 f1 82 c8 82 f1 82 be 82 a9 82 e7 00 00
08 03 82 a2 82 c2 82 dc 82 c5 82 bd 82 c1 82 c4 82 e0 94 bc 90 6c 91 4f 82 c8 82 f1 82 be 82 e6 00 00
08 03 83 41 83 93 83 5e 82 cd 81 49 00 00
09 03
>> It's because of that that you are still incompetent!     | That's why
>>                                                          | you are still
>>                                                          | incompetent!

07 00 b4 3a                                                 | addr @ 0x017bdf8a
07 00 02 3a                                                 | addr @ 0x017bdf8d
7b 04
45 04 01 00 00 00 00 00
      01 00 0e 00 00 00
46 04 01 00 00 00 00 00
79 04 01 00 00 00 00 00
      01 00 02 00 00 00
      01 00 11 00 00 00
79 04 01 00 01 00 00 00
      01 00 00 00 00 00
      01 00 10 00 00 00
07 00 5e 3a                                                 | addr @ 0x017bdfa2 + 2
07 00 5a 39                                                 | addr @ 0x017bdfa2 + 6
02 00 48 28                                        goto rif | addr @ 0x017bdfa4
02 00 82 01 01 00 00 00 8b 00 00 00

08 03 94 bc 90 6c 91 4f 82 c1 82 c4 8c be 82 a4 82 c8 81 49 00 00
    7b 04
09 03
>> Ritchie: Don't call me incompetent!

79 04 01 00 00 00 00 00
      01 00 02 00 00 00
      01 00 0e 00 00 00

08 03 82 bd 82 b5 82 a9 82 c9 82 dc 82 be 92 62 96 e8 8e 74 82 cc 83 5e 83 7d 83 53 82 be 82 af 82 c7 00 00
08 03 82 b7 82 ae 82 c9 90 65 95 fb 82 f0 82 e2 82 c1 82 bd 82 cd 82 ae 82 ea 8f a2 8a ab 8f 62 82 f0 00 00
08 03 82 bd 82 a8 82 b9 82 e9 82 ad 82 e7 82 a2 8b ad 82 ad 82 c8 82 c1 82 c4 82 e2 82 e9 81 49 00 00
09 03
>> Ritchie: It's true that I am still a Kajishi's apprentice but I will         | I may still be an apprentice
>>          soon be strong enough to defeat the Stray Summon that               | But I'll soon be able to
>>          killed Master!                                                      | defeat that stray summon

79 04 01 00 00 00 00 00
      01 00 02 00 00 00
      01 00 0f 00 00 00

08 03 82 b1 82 cc 83 49 83 8c 82 aa 90 e2 91 ce 82 c9 00 00
08 03 90 65 95 fb 82 cc 83 4a 83 5e 83 4c 82 f0 82 a4 82 c1 82 c4 82 dd 82 b9 82 e9 81 49 00 00
    03 00 3c 29                               merge (07 00) | addr @ 0x017be015
>> Ritchie: I will definitely avenge Master!                | Then,
>>                                                          | I'll avenge Master!

08 03 94 bc 90 6c 91 4f 82 c1 82 c4 8c be 82 ed 82 c8 82 a2 82 c5 82 e6 81 49 00 00
    7b 04
09 03
>> Rif: ?

79 04 01 00 00 00 00 00
      01 00 02 00 00 00
      01 00 0e 00 00 00

08 03 82 bd 82 b5 82 a9 82 c9 82 dc 82 be 92 62 96 e8 8e 74 82 cc 83 5e 83 7d 83 53 82 be 82 af 82 c7 00 00
08 03 82 b7 82 ae 82 c9 90 65 95 fb 82 f0 82 e2 82 c1 82 c2 82 af 82 bd 82 cd 82 ae 82 ea 8f a2 8a ab 8f 62 82 f0 00 00
08 03 82 bd 82 a8 82 b9 82 e9 82 ad 82 e7 82 a2 8b ad 82 ad 82 c8 82 e9 82 f1 82 be 82 a9 82 e7 81 49 00 00
09 03
>> Rif: XXX                                                 | I may still be an apprentice
>>                                                          | But I'll soon be able to
>>                                                          | defeat that stray summon

79 04 01 00 00 00 00 00
      01 00 02 00 00 00
      01 00 0f 00 00 00

08 03 82 b1 82 cc 82 ed 82 bd 82 b5 82 aa 90 e2 91 ce 82 c9 00 00
08 03 90 65 95 fb 82 cc 83 4a 83 5e 83 4c 82 f0 82 a4 82 c1 82 c4 82 dd 82 b9 82 e9 81 49 00 00
    03 00 3c 29                               merge (07 00) | addr @ 0x017be042 + 7
09 03
>> Rif: XXX                                                 | Then,
>>                                                          | I'll avenge Master!

07 00 ae 39                                                 | addr @ 0x017be044 + 4
07 00 e4 39                                                 | addr @ 0x017be044 + 8
79 04 01 00 01 00 00 00
      01 00 02 00 00 00
      01 00 11 00 00 00

08 03 82 bb 82 ea 82 aa 94 bc 90 6c 91 4f 82 be 82 c1 82 c4 8c be 82 a4 82 f1 82 be 82 e6 81 49 00 00
09 03
>> That is why I call you incompetent!                      | That's why I call you incompetent!

07 00 1a 3a                                                 | addr @ 0x017be054 + 8
07 00 78 39                                                 | addr @ 0x017be056 + 2
79 04 01 00 00 00 00 00
      01 00 05 00 00 00
      01 00 10 00 00 00
02 00 ca 29                                        goto rif | addr @ 0x017be05a
02 00 82 01 01 00 00 00 8b 00 00 00

08 03 82 a4 81 63 81 49 00 00
08 03 82 c8 82 f1 82 c5 82 be 82 e6 81 49 81 48 00 00
    03 00 e8 29                                             | addr @ 0x017be06c
08 03 82 a4 81 63 81 49 00 00
08 03 82 c7 82 a4 82 b5 82 c4 81 49 81 48 00 00
    03 00 e8 29                                             | addr @ 0x017be076 + 8
09 03
>> Ritchie: Ugh...!                                         | Ugh...!
>>          Why!?                                           | Why!?
>> Rif:     ?                                               | Ugh...!
>>                                                          | Why!?

07 00 ae 39                                                 | addr @ 0x017be078 + 4
07 00 e4 39                                                 | addr @ 0x017be078 + 8
79 04 01 00 01 00 00 00
      01 00 02 00 00 00
      01 00 10 00 00 00

08 03 83 41 83 93 83 5e 82 cd 8d a1 00 00
08 03 82 c7 82 a4 82 b5 82 c4 82 b1 82 b1 82 c9 82 a2 82 e9 82 f1 82 be 81 49 00 00
08 03 82 c8 82 f1 82 cc 82 bd 82 df 82 c9 96 88 93 fa 8f 43 8d 73 82 b5 82 c4 82 e9 82 f1 82 be 81 49 81 48 00 00
09 03
>> Why are you here right now!                              | Why are you here right now!
>> Why are you training everyday!?                          | Why are you training everyday!?

07 00 1a 3a                                                 | addr @ 0x017be0a2 + 8
07 00 78 39                                                 | addr @ 0x017be0a2 + 12
79 04 01 00 00 00 00 00
      01 00 04 00 00 00
      01 00 10 00 00 00

08 03 82 bb 82 ea 82 cd 81 63 00 00
09 03
>> That is...                                               | That is...

79 04 01 00 00 00 00 00
      01 00 00 00 00 00
      01 00 11 00 00 00
79 04 01 00 01 00 00 00
      01 00 02 00 00 00
      01 00 0e 00 00 00

08 03 90 e6 91 e3 82 cc 81 63 83 8d 83 75 90 65 95 fb 82 dd 82 bd 82 a2 82 c8 00 00
08 03 83 4a 83 62 83 52 83 43 83 43 92 62 96 e8 8e 74 82 c9 82 c8 82 e8 82 bd 82 a2 82 a9 82 e7 81 63 81 49 00 00
09 03
>> to be a cool Kajishi like the                            | To be a cool Kajishi like
>> first generation's Master Rob...!                        | Master Rob...!

07 00 ae 39                                                 | addr @ 0x017be0d8
07 00 e4 39                                                 | addr @ 0x017be0d8 + 4
79 04 01 00 01 00 00 00
      01 00 00 00 00 00
      01 00 0f 00 00 00

08 03 82 be 82 c1 82 bd 82 e7 8b 77 93 a2 82 bf 82 c8 82 f1 82 c4 00 00
08 03 83 6f 83 4a 82 c8 82 b1 82 c6 8d 6c 82 a6 82 c4 82 e9 83 71 83 7d 82 aa 82 a0 82 c1 82 bd 82 e7 00 00
08 03 82 bf 82 e1 82 f1 82 c6 95 90 8a ed 8d ec 82 e8 82 cc 8f 43 8d 73 82 b5 82 c8 81 41 8f 43 8d 73 81 49 00 00
09 03
>> Then if you have time for thinking about                 | If you've time for dumb things like
>> stupid things like revenge, do your weapon               | revenge, do the weapon craft
>> crafting training properly, training!                    | training properly, training!

79 04 01 00 00 00 00 00
      01 00 00 00 00 00
      01 00 0e 00 00 00
79 04 01 00 01 00 00 00
      01 00 00 00 00 00
      01 00 0d 00 00 00

08 03 91 81 82 ad 88 ea 90 6c 91 4f 82 cc 92 62 96 e8 8e 74 82 c9 82 c8 82 c1 82 c4 00 00
08 03 83 41 83 93 83 5e 82 cc 82 e2 82 b3 82 b5 82 a2 83 70 83 70 82 c6 83 7d 83 7d 82 f0 00 00
08 03 88 c0 90 53 82 b3 82 b9 82 c4 82 e2 82 e9 82 b1 82 c1 82 bd 82 c8 00 00
09 03
>> Quickly become a full fledged Kajishi so that you can    | Quickly become a Kajishi
>> relieve your kind father and mother.                     | so to relieve your
>>                                                          | father and mother

07 00 1a 3a                                                 | addr @ 0x017be14b + 4
07 00 78 39                                                 | addr @ 0x017be14b + 8
79 04 01 00 00 00 00 00
      01 00 04 00 00 00
      01 00 10 00 00 00
02 00 40 2c                                        goto rif | addr @ 0x017be151
02 00 82 01 01 00 00 00 8b 00 00 00

08 03 82 a4 81 63 00 00
08 03 95 83 82 b3 82 f1 82 c6 95 ea 82 b3 82 f1 81 41 82 a9 81 63 00 00
    03 00 68 2c                               merge (79 04) | addr @ 0x017be167
08 03 82 a4 81 63 00 00
08 03 82 a8 95 83 82 b3 82 f1 82 c6 82 a8 95 ea 82 b3 82 f1 81 41 82 a9 81 63 00 00
    03 00 68 2c                               merge (79 04) | addr @ 0x017be172 + 15
09 03
>> Ritchie: Ugh...                                          | Ugh...
>>          Father and Mother, huh...                       | Father and mother, huh...
>> Rif:     ?                                               | Ugh...
>>                                                          | Our father and mother, huh...

79 04 01 00 00 00 00 00
      01 00 02 00 00 00
      01 00 0d 00 00 00

08 03 82 ed 82 a9 82 c1 82 bd 81 49 00 00
08 03 8f 43 8d 73 82 b5 82 c4 82 ad 82 e9 81 49 00 00
08 03 95 90 8a ed 82 cc 8d de 97 bf 82 c5 82 e0 8f 57 82 df 82 c4 82 ad 82 e9 82 e6 00 00
09 03
>> I understand!                                            | Understood!
>> Let's train!                                             | Let's train!
>> I will go gather materials for crafting!                 | I'll go find crafting materials!

07 00 ae 39                                                 | addr @ 0x017be19b + 4
07 00 e4 39                                                 | addr @ 0x017be19b + 8
79 04 01 00 01 00 00 00
      01 00 01 00 00 00
      01 00 0c 00 00 00
79 04 01 00 00 00 00 00
      01 00 02 00 00 00
      01 00 0c 00 00 00

08 03 82 bb 82 cc 88 d3 8b 43 82 be 81 49 00 00
08 03 82 aa 82 f1 82 ce 83 93 82 c8 81 49 00 00
09 03
>> That's the spirit!                                       | That's the spirit!
>> Do your best!                                            | Do your best!

79 04 01 00 01 00 00 00
      01 00 00 00 00 00
      01 00 0d 00 00 00

08 03 82 b6 82 e1 81 41 82 a8 8e 67 82 a2 82 cc 82 b2 82 d9 82 a4 82 d1 82 c5 82 e0 00 00
08 03 82 a0 82 b0 82 e9 82 c6 82 b7 82 e9 82 a9 81 63 00 00
08 03 82 d9 82 ea 00 00
09 03
>> I'll give you a reward for your errand...                | Here...
>> Here.                                                    | It's a reward
>>                                                          | for your errand...

7a 04 01 00 01 00 00 00
      01 00 00 00 00 00
      01 00 01 00 00 00
7a 04 01 00 00 00 00 00
      01 00 00 00 00 00
      01 00 01 00 00 00
7e 04 01 00 01 00 00 00
      01 00 00 00 00 00
07 00 02 3a                                                 | addr @ 0x017be1e6 + 2
66 03 01 00 f0 00 00 00
      01 00 01 00 00 00
67 03
79 04 01 00 00 00 00 00
      01 00 05 00 00 00
      01 00 11 00 00 00
7a 04 01 00 00 00 00 00
      01 00 01 00 00 00
      01 00 01 00 00 00
07 00 5a 39                                                 | addr @ 0x017be1fc
02 00 24 2e                                        goto rif | addr @ 0x017be1fe
02 00 82 01 01 00 00 00 8b 00 00 00

08 03 82 b1 82 ea 82 cd 95 90 8a ed 82 cc 8d de 97 bf 81 49 00 00
08 03 82 b7 82 c1 82 b0 82 a5 81 49 00 00
08 03 90 65 95 fb 81 41 83 4a 83 62 83 52 83 43 81 5b 81 49 00 00
    03 00 62 2e                               merge (7b 04) | addr @ 0x017be21c
08 03 82 b1 82 ea 82 cd 95 90 8a ed 82 cc 8d de 97 bf 81 49 00 00
08 03 82 b7 82 b2 82 a7 82 a2 81 49 00 00
08 03 90 65 95 fb 81 41 83 4a 83 62 83 52 83 43 81 5b 81 49 00 00
    03 00 62 2e                               merge (7b 04) | addr @ 0x017be22a + 9
    7b 04
09 03
>> Ritchie: This is a weapon's Shapestone!                  | A weapon shapestone!
>>          Awesome!                                        | Awesome!
>>          Master, you're cool!                            | Master, you're so cool!
>> Rif:     This is a weapon's Shapestone!                  | A weapon shapestone!
>>          ?                                               | Awesome!
>>          Master, you're cool!                            | Master, you're so cool!

07 00 ae 39                                                 | addr @ 0x017be22e + 2
79 04 01 00 01 00 00 00
      01 00 01 00 00 00
      01 00 0d 00 00 00
7a 04 01 00 01 00 00 00
      01 00 01 00 00 00
      01 00 01 00 00 00
07 00 e4 39                                                 | addr @ 0x017be237 + 4

08 03 82 bb 82 a4 82 be 82 eb 81 48 00 00
08 03 83 41 83 5e 83 56 82 cd 83 4a 83 62 83 52 83 43 81 5b 82 f1 82 be 82 e6 00 00
    7b 04
09 03
>> Isn't that right?                                        | Isn't that right?
>> I am cool.                                               | I am cool

79 04 01 00 00 00 00 00
      01 00 00 00 00 00
      01 00 0c 00 00 00
79 04 01 00 01 00 00 00
      01 00 00 00 00 00
      01 00 0d 00 00 00

08 03 82 be 82 a9 82 e7 82 bb 82 a2 82 c2 82 c9 8d 87 90 ac 82 b7 82 e9 8d de 97 bf 82 dc 82 c5 00 00
08 03 82 a0 82 b0 82 e9 82 d9 82 c7 81 41 83 41 83 7d 82 a9 82 c8 82 a2 82 e6 00 00
08 03 8c e3 82 cd 8e a9 95 aa 82 c5 8c a9 82 c2 82 af 82 c4 82 ad 82 e9 82 f1 82 be 82 cb 00 00
09 03
>> But I won't give you the material to                     | But I won't give you
>> combine with that. You're no amateur,                    | material to combine
>> look for it yourself afterwards, ok?                     | that with

07 00 1a 3a                                                 | addr @ 0x017be28e + 6
07 00 78 39                                                 | addr @ 0x017be28e + 10
79 04 01 00 00 00 00 00
      01 00 02 00 00 00
      01 00 0c 00 00 00

08 03 82 ed 82 a9 82 c1 82 c4 82 e9 82 c1 82 c4 81 49 00 00
08 03 8d de 97 bf 82 b3 82 aa 82 b5 82 e0 92 62 96 e8 8e 74 82 cc 8e 64 8e 96 82 c1 82 c4 82 cb 81 49 00 00
09 03
>> I understand!                                            | Understood! Finding materials
>> To look for materials is also a Kajishi's job!           | is a Kajishi's job too!

07 00 ae 39                                                 | addr @ 0x017be2a9 + 8
07 00 e4 39                                                 | addr @ 0x017be2a9 + 12
79 04 01 00 01 00 00 00
      01 00 00 00 00 00
      01 00 0f 00 00 00

08 03 8b 43 82 f0 82 c2 82 af 82 c4 8d 73 82 ad 82 f1 82 be 82 e6 00 00
08 03 83 41 83 93 83 5e 82 c9 89 bd 82 a9 82 a0 82 c1 82 bd 82 e7 00 00
08 03 82 b2 97 bc 90 65 82 c9 90 5c 82 b5 96 f3 82 c8 82 a2 82 a9 82 e7 82 cb 00 00
09 03
>> Be careful, if something were to happen to you,          | Be careful, OK? If something happens
>> I wouldn't be able to apologize to                       | I wouldn't be able to apologise
>> your parents, ok?                                        | to your parents

07 00 1a 3a                                                 | addr @ 0x017be2d2 + 7
07 00 78 39                                                 | addr @ 0x017be2d2 + 11
79 04 01 00 00 00 00 00
      01 00 01 00 00 00
      01 00 0c 00 00 00

08 03 82 cd 82 a2 81 49 00 00
08 03 82 b6 82 e1 81 41 8d de 97 bf 82 b3 82 aa 82 b5 00 00
08 03 8d 73 82 c1 82 c4 82 ab 82 dc 82 b7 81 49 00 00
09 03
>> I understand!                                            | Understood!
>> Then, I'll go look for materials!                        | Then,
>>                                                          | I'll go find some materials!

07 00 ae 39                                                 | addr @ 0x017be2e9 + 8
07 00 e4 39                                                 | addr @ 0x017be2e9 + 12
79 04 01 00 01 00 00 00
      01 00 02 00 00 00
      01 00 0d 00 00 00
02 00 d0 30                                        goto rif | addr @ 0x017be2f0
02 00 82 01 01 00 00 00 8b 00 00 00

08 03 82 a8 82 a8 81 49 81 40 8d 73 82 c1 82 c4 82 ab 82 c8 81 49 00 00
08 03 82 bb 82 cc 83 6e 83 93 83 7d 81 5b 82 c5 00 00
08 03 83 41 83 93 83 5e 82 cc 92 6a 82 f0 92 62 82 a6 82 e9 82 f1 82 be 81 49 00 00
    03 00 1a 31                               merge (07 00) | addr @ 0x017be31a
08 03 82 a8 82 a8 81 49 81 40 8d 73 82 c1 82 c4 82 ab 82 c8 81 49 00 00
08 03 82 bb 82 cc 83 6e 83 93 83 7d 81 5b 82 c5 00 00
08 03 83 41 83 93 83 5e 82 cc 8f 97 82 f0 92 62 82 a6 82 e9 82 f1 82 be 81 49 00 00
    03 00 1a 31                               merge (07 00) | addr @ 0x017be327
09 03
>> V.E (M): Ok! Go!                                         | OK! Go!
>>          Forge yourself into a man with that hammer!     | Forge yourself into a man
>>                                                          | with that hammer!
>> V.E (F): ?                                               | OK! Go!
>>                                                          | Forge yourself into a woman
>>                                                          | with that hammer!

07 00 1a 3a                                                 | addr @ 0x017be329 + 4
07 00 78 39                                                 | addr @ 0x017be329 + 8
79 04 01 00 00 00 00 00
      01 00 00 00 00 00
      01 00 0d 00 00 00

08 03 82 a8 81 5b 81 49 00 00
09 03
>> Yes!                                                     | Yes!

07 00 ae 39                                                 | addr @ 0x017be330 + 8
07 00 e4 39                                                 | addr @ 0x017be330 + 12
79 04 01 00 01 00 00 00
      01 00 00 00 00 00
      01 00 0c 00 00 00

08 03 82 b6 82 e1 81 41 83 41 83 5e 83 56 82 cd 00 00
08 03 89 c6 82 c9 82 a2 82 e9 82 a9 82 e7 82 cb 00 00
09 03
>> Then, I'll go home, ok?                                  | Then, I'll go home, OK?

07 00 b4 3a                                                 | addr @ 0x017be341
07 00 02 3a                                                 | addr @ 0x017be341 + 4
7b 04
89 04 01 00 02 00 00 00
      01 00 01 00 00 00
      01 00 08 00 00 00
3e 04 01 00 02 00 00 00
      01 00 06 00 00 00
      01 00 00 00 00 00
6d 04 01 00 02 00 00 00
      01 00 c0 00 00 00
40 04 01 00 02 00 00 00
      01 00 7c 00 00 00
      01 00 f4 00 00 00
      01 00 01 00 00 00
3c 04 01 00 00 00 00 00
      01 00 01 00 00 00
41 04 01 00 02 00 00 00
3e 04 01 00 02 00 00 00
      01 00 03 00 00 00
      01 00 00 00 00 00
79 04 01 00 01 00 00 00
      01 00 01 00 00 00
      01 00 0c 00 00 00
07 00 48 3a                                                 | addr @ 0x017be373
07 00 c6 39                                                 | addr @ 0x017be376

08 03 82 a4 82 ea 82 b5 82 a2 82 cb 00 00
08 03 83 c2 82 aa 82 e2 82 e9 8b 43 82 f0 8f 6f 82 b5 82 c4 82 ad 82 ea 82 bd 82 e6 00 00
08 03 89 e4 82 c8 82 aa 82 e7 8c a9 8e 96 82 c8 83 41 83 81 82 c6 83 80 83 60 81 41 82 a9 82 c8 81 48 00 00
    7b 04
09 03
>> You're happy, right?                                     | You're happy, right?
>> Ritchie is finally getting serious                       | Ritchie is finally getting serious.
>> Maybe it's my splendid "Carrot or Stick" attitude?       | Is it my Carrot or Stick attitude?

79 04 01 00 01 00 00 00
      01 00 00 00 00 00
      01 00 0c 00 00 00

08 03 8c a9 82 c4 82 e9 81 48 81 40 83 8d 83 75 00 00
08 03 83 41 83 5e 83 56 81 41 82 aa 82 f1 82 ce 82 c1 82 c4 82 e9 82 e6 81 49 00 00
09 03
>> Can you see it, Rob?                                     | See, Rob?
>> I am doing my best!                                      | I'm doing my best!

07 00 9e 3a                                                 | addr @ 0x017be3c8
07 00 02 3a                                                 | addr @ 0x017be3c8 + 3
7b 04
89 04 01 00 00 00 00 00
      01 00 02 00 00 00
      01 00 08 00 00 00
3e 04 01 00 02 00 00 00
      01 00 06 00 00 00
      01 00 00 00 00 00
40 04 01 00 02 00 00 00
      01 00 27 00 00 00
      01 00 14 01 00 00
      01 00 01 00 00 00
41 04 01 00 02 00 00 00
40 04 01 00 02 00 00 00
      01 00 00 00 00 00
      01 00 28 01 00 00
      01 00 01 00 00 00
41 04 01 00 02 00 00 00
3b 04 01 00 02 00 00 00
39 04 01 00 02 00 00 00
79 04 01 00 00 00 00 00
      01 00 02 00 00 00
      01 00 0d 00 00 00
7a 04 01 00 00 00 00 00
      01 00 01 00 00 00
      01 00 01 00 00 00
07 00 5a 39                                                 | addr @ 0x017be3f1 + 6
02 00 a2 33                                        goto rif | addr @ 0x017be3f3
02 00 82 01 01 00 00 00 8b 00 00 00

08 03 82 e6 82 c1 82 b5 81 49 00 00
08 03 83 49 83 8c 82 e0 8f 6f 94 ad 82 be 81 49 00 00
    03 00 c6 33                               merge (7b 04) | addr @ 0x017be406
08 03 82 e6 82 a7 82 b5 81 49 00 00
08 03 82 ed 82 bd 82 b5 82 e0 8d 73 82 b1 82 a4 81 49 00 00
    03 00 c6 33                               merge (7b 04) | addr @ 0x017be417 + 5
    7b 04
09 03
>> Ritchie: Ok!                                             | OK!
>>          I should get going too!                         | I should get going too!
>> Rif:     ?                                               | OK!
>>                                                          | I should get going too!

07 00 88 3a                                                 | addr @ 0x017be41b
07 00 96 39                                                 | addr @ 0x017be41e
7b 04
04 00
1a 03 01 00 07 00 00 00
1b 03 01 00 07 00 00 00
      01 00 ff ff 00 00
      01 00 ff ff 00 00
      02 00 c8 00 00 00
      02 00 c9 00 00 00
1c 03 01 00 07 00 00 00
      01 00 01 00 00 00
1f 03 01 00 07 00 00 00
08 00

1b 03 01 00 07 00 00 00 01 00 ff ff 00 00 01 00 ff ff 00 00 02 00 c8 00 00 00 02 00 c9 00 00 00
1c 03 01 00 07 00 00 00 01 00 02 00 00 00
1f 03 01 00 07 00 00 00 1a 03 01 00 07 00 00 00
08 00

1a 03 01 00 07 00 00 00
1b 03 01 00 07 00 00 00 01 00 ff ff 02 00 cb 00 86 00 00 00 02 00 cc 00 00 00 02 00 c8 00 00 00 02 00 c9 00 00 00
1c 03 01 00 07 00 00 00 01 00 01 00 00 00 1f 03 01 00 07 00 00 00
08 00

1a 03 01 00 06 00 00 00
1b 03 01 00 06 00 00 00 02 00 cb 00 00 00 01 00 00 00 00 00 02 00 c8 00 00 00 02 00 c9 00 00 00
1c 03 01 00 06 00 00 00 01 00 01 00 00 00 1f 03 01 00 06 00 00 00
08 00

1b 03 01 00 07 00 00 00 01 00 ff ff 02 00 cb 00 86 00 00 00 02 00 cc 00 00 00 02 00 c8 00 00 00 02 00 c9 00 00 00
1c 03 01 00 07 00 00 00 01 00 02 00 00 00
1f 03 01 00 07 00 00 00
1a 03 01 00 07 00 00 00
08 00

1b 03 01 00 06 00 00 00 02 00 cb 00 00 00 01 00 00 00 00 00 02 00 c8 00 00 00 02 00 c9 00 00 00
1c 03 01 00 06 00 00 00 01 00 02 00 00 00
1f 03 01 00 06 00 00 00
1a 03 01 00 06 00 00 00
08 00

1a 03 01 00 07 00 00 00
1b 03 01 00 07 00 00 00 01 00 ff ff 00 00 01 00 ff ff 00 00 02 00 cd 00 00 00 02 00 c9 00 00 00
1c 03 01 00 07 00 00 00 01 00 01 00 00 00
0d 04 01 00 0f 00 00 00
1a 03 01 00 06 00 00 00
1b 03 01 00 06 00 00 00 01 00 ff ff 00 00 01 00 ff ff 00 00 02 00 c8 00 00 00 02 00 c9 00 00 00
1c 03 01 00 06 00 00 00 01 00 01 00 00 00
1f 03 01 00 06 00 00 00
1a 03 01 00 07 00 00 00
1b 03 01 00 06 00 00 00 01 00 ff ff 00 00 01 00 ff ff 00 00 02 00 c8 00 00 00 02 00 c9 00 01 00 02 00 83 00 00 00
1c 03 01 00 06 00 00 00 01 00 02 00 00 00
1f 03 01 00 06 00 00 00
1a 03 01 00 06 00 00 00
08 00

1a 03 01 00 07 00 00 00
1b 03 01 00 07 00 00 00 01 00 ff ff 00 00 01 00 ff ff 00 00 02 00 cd 00 00 00 02 00 c9 00 00 00
1c 03 01 00 07 00 00 00 01 00 01 00 00 00 0d 04 01 00 0f 00 00 00
1a 03 01 00 06 00 00 00
1b 03 01 00 06 00 00 00 01 00 ff ff 00 00 01 00 ff ff 00 00 02 00 c8 00 00 00 02 00 c9 00 00 00
1c 03 01 00 06 00 00 00 01 00 01 00 00 00
1f 03 01 00 06 00 00 00
1a 03 01 00 07 00 00 00
08 00

1b 03 01 00 06 00 00 00 01 00 ff ff 00 00 01 00 ff ff 00 00 02 00 c8 00 00 00 02 00 c9 00 01 00 02 00 83 00 00 00
1c 03 01 00 06 00 00 00 01 00 02 00 00 00
1f 03 01 00 06 00 00 00
1a 03 01 00 06 00 00 00
08 00

02 00 1e 37 02 00 c3 00 01 00 00 00 8b 00 00 00 01 00 02 00 cb 00 02 00 cb 00 01 00 01 00 8f 00 00 00 03 00 58 39
02 00 44 37 02 00 c3 00 01 00 01 00 8b 00 00 00 01 00 02 00 cb 00 02 00 cb 00 01 00 02 00 8f 00 00 00 03 00 58 39
02 00 6a 37 02 00 c3 00 01 00 02 00 8b 00 00 00 01 00 02 00 cb 00 02 00 cb 00 01 00 04 00 8f 00 00 00 03 00 58 39
02 00 90 37 02 00 c3 00 01 00 03 00 8b 00 00 00 01 00 02 00 cb 00 02 00 cb 00 01 00 08 00 8f 00 00 00 03 00 58 39
02 00 b6 37 02 00 c3 00 01 00 04 00 8b 00 00 00 01 00 02 00 cb 00 02 00 cb 00 01 00 10 00 8f 00 00 00 03 00 58 39
02 00 dc 37 02 00 c3 00 01 00 05 00 8b 00 00 00 01 00 02 00 cb 00 02 00 cb 00 01 00 20 00 8f 00 00 00 03 00 58 39
02 00 02 38 02 00 c3 00 01 00 06 00 8b 00 00 00 01 00 02 00 cb 00 02 00 cb 00 01 00 40 00 8f 00 00 00 03 00 58 39
02 00 28 38 02 00 c3 00 01 00 07 00 8b 00 00 00 01 00 02 00 cb 00 02 00 cb 00 01 00 80 00 8f 00 00 00 03 00 58 39
02 00 4e 38 02 00 c3 00 01 00 08 00 8b 00 00 00 01 00 02 00 cb 00 02 00 cb 00 01 00 00 01 8f 00 00 00 03 00 58 39
02 00 74 38 02 00 c3 00 01 00 09 00 8b 00 00 00 01 00 02 00 cb 00 02 00 cb 00 01 00 00 02 8f 00 00 00 03 00 58 39
02 00 9a 38 02 00 c3 00 01 00 0a 00 8b 00 00 00 01 00 02 00 cb 00 02 00 cb 00 01 00 00 04 8f 00 00 00 03 00 58 39
02 00 c0 38 02 00 c3 00 01 00 0b 00 8b 00 00 00 01 00 02 00 cb 00 02 00 cb 00 01 00 00 08 8f 00 00 00 03 00 58 39
02 00 e6 38 02 00 c3 00 01 00 0c 00 8b 00 00 00 01 00 02 00 cb 00 02 00 cb 00 01 00 00 10 8f 00 00 00 03 00 58 39
02 00 0c 39 02 00 c3 00 01 00 0d 00 8b 00 00 00 01 00 02 00 cb 00 02 00 cb 00 01 00 00 20 8f 00 00 00 03 00 58 39
02 00 32 39 02 00 c3 00 01 00 0e 00 8b 00 00 00 01 00 02 00 cb 00 02 00 cb 00 01 00 00 40 8f 00 00 00 03 00 58 39
02 00 58 39 02 00 c3 00 01 00 0f 00 8b 00 00 00 01 00 02 00 cb 00 02 00 cb 00 01 00 00 80 8f 00 00 00 03 00 58 39
08 00
   -- seems to be (02 00 address) (stuff) (03 00 address)

01 03 01 00 02 00 00 00 01 00 04 00 00 00
7e 04 01 00 00 00 00 00 01 00 01 00 00 00
08 00

01 03 01 00 02 00 00 00 01 00 07 00 00 00
7e 04 01 00 00 00 00 00 01 00 01 00 00 00
08 00

7e 04 01 00 00 00 00 00 01 00 00 00 00 00
02 03 01 00 04 00 00 00
08 00

7e 04 01 00 00 00 00 00 01 00 00 00 00 00
02 03 01 00 07 00 00 00
08 00

01 03 01 00 04 00 00 00 01 00 05 00 00 00
7e 04 01 00 01 00 00 00 01 00 01 00 00 00
08 00

01 03 01 00 04 00 00 00 01 00 07 00 00 00
7e 04 01 00 01 00 00 00 01 00 01 00 00 00
08 00

7e 04 01 00 01 00 00 00 01 00 00 00 00 00
02 03 01 00 05 00 00 00
08 00

7e 04 01 00 01 00 00 00 01 00 00 00 00 00
02 03 01 00 07 00 00 00
08 00

7a 04 01 00 00 00 00 00 01 00 01 00 00 00 01 00 01 00 00 00
08 00

7a 04 01 00 01 00 00 00 01 00 01 00 00 00 01 00 01 00 00 00
08 00

7a 04 01 00 00 00 00 00 01 00 01 00 00 00 01 00 01 00 00 00
7a 04 01 00 01 00 00 00 01 00 01 00 00 00 01 00 01 00 00 00
08 00

7a 04 01 00 00 00 00 00 01 00 00 00 00 00 01 00 01 00 00 00
08 00

7a 04 01 00 01 00 00 00 01 00 00 00 00 00 01 00 01 00 00 00
08 00

7a 04 01 00 00 00 00 00 01 00 00 00 00 00 01 00 01 00 00 00
7a 04 01 00 01 00 00 00 01 00 00 00 00 00 01 00 01 00 00 00
08 00
